# max-cut SDP  problem=data/G55mc.sdp n=5000 m=5000 F0_nnz=17467  mode=baseline16 sigma=1 eta_tol=0 window=0.025 gamma=1.1 symmetrize=1  ||C||_F=2.094541e+02
# iter  pinf        dinf        gap         eta         obj_primal      obj_dual        proj_ms  cum_proj_s  deflated  eps_sym_raw  eps_sym_used
     1  1.3443e-01  4.9342e-01  4.4558e-01  4.9342e-01  -1.95510340e+04  -7.49800000e+03    112.78      0.113  0  0.000e+00  0.000e+00
     2  3.9003e-01  2.2535e-01  3.0736e-01  3.9003e-01  -2.57905366e+04  -1.36636211e+04     17.08      0.130  0  0.000e+00  0.000e+00
     3  3.8405e-01  1.4015e-01  2.2731e-01  3.8405e-01  -2.66268318e+04  -1.67634003e+04     17.03      0.147  0  0.000e+00  0.000e+00
     4  2.9144e-01  1.1387e-01  1.5453e-01  2.9144e-01  -2.53918384e+04  -1.85944037e+04     17.06      0.164  0  0.000e+00  0.000e+00
     5  1.8863e-01  9.8950e-02  9.5813e-02  1.8863e-01  -2.36858402e+04  -1.95437756e+04     17.06      0.181  0  0.000e+00  0.000e+00
     6  1.0508e-01  8.3217e-02  5.3390e-02  1.0508e-01  -2.21856829e+04  -1.99366948e+04     17.03      0.198  0  0.000e+00  0.000e+00
     7  4.8218e-02  6.7818e-02  2.6785e-02  6.7818e-02  -2.11122042e+04  -2.00107163e+04     17.01      0.215  0  0.000e+00  0.000e+00
     8  1.7997e-02  5.5425e-02  1.3526e-02  5.5425e-02  -2.04743085e+04  -1.99278046e+04     16.99      0.232  0  0.000e+00  0.000e+00
     9  1.3734e-02  4.6984e-02  1.0188e-02  4.6984e-02  -2.02004493e+04  -1.97929813e+04     16.99      0.249  0  0.000e+00  0.000e+00
    10  1.3754e-02  4.2075e-02  1.3054e-02  4.2075e-02  -2.01932850e+04  -1.96728509e+04     17.03      0.266  0  0.000e+00  0.000e+00
    11  9.0442e-03  3.9389e-02  1.8707e-02  3.9389e-02  -2.03516967e+04  -1.96042081e+04     17.43      0.283  0  0.000e+00  0.000e+00
    12  5.6185e-03  3.7556e-02  2.4628e-02  3.7556e-02  -2.05887849e+04  -1.95990271e+04     17.45      0.301  0  0.000e+00  0.000e+00
    13  1.1685e-02  3.5809e-02  2.9206e-02  3.5809e-02  -2.08360198e+04  -1.96534432e+04     17.48      0.318  0  0.000e+00  0.000e+00
    14  1.8441e-02  3.3993e-02  3.1703e-02  3.3993e-02  -2.10467071e+04  -1.97532123e+04     17.41      0.336  0  0.000e+00  0.000e+00
    15  2.2848e-02  3.2212e-02  3.2063e-02  3.2212e-02  -2.11964633e+04  -1.98794164e+04     17.19      0.353  0  0.000e+00  0.000e+00
    16  2.4496e-02  3.0591e-02  3.0670e-02  3.0670e-02  -2.12796450e+04  -2.00131494e+04     17.32      0.370  0  0.000e+00  0.000e+00
    17  2.3595e-02  2.9247e-02  2.8042e-02  2.9247e-02  -2.13017700e+04  -2.01396221e+04     17.34      0.388  0  0.000e+00  0.000e+00
    18  2.0861e-02  2.8071e-02  2.4833e-02  2.8071e-02  -2.12787715e+04  -2.02475135e+04     17.28      0.405  0  0.000e+00  0.000e+00
    19  1.7087e-02  2.7010e-02  2.1565e-02  2.7010e-02  -2.12281287e+04  -2.03318512e+04     17.12      0.422  0  0.000e+00  0.000e+00
    20  1.3025e-02  2.6004e-02  1.8652e-02  2.6004e-02  -2.11668234e+04  -2.03916643e+04     17.04      0.439  0  0.000e+00  0.000e+00
    25  2.7366e-03  2.1734e-02  1.3867e-02  2.1734e-02  -2.10413938e+04  -2.04657822e+04     17.38      0.525  0  0.000e+00  0.000e+00
    50  3.1122e-03  1.3236e-02  1.1100e-02  1.3236e-02  -2.13694086e+04  -2.09001943e+04     17.15      1.523  0  0.000e+00  0.000e+00
    75  1.9282e-03  9.9836e-03  8.5355e-03  9.9836e-03  -2.14775856e+04  -2.11140348e+04     17.61      1.958  0  0.000e+00  0.000e+00
   100  1.5957e-03  8.2218e-03  7.3432e-03  8.2218e-03  -2.15509365e+04  -2.12367299e+04     18.63      2.400  0  0.000e+00  0.000e+00
   125  1.5220e-03  7.0587e-03  6.5228e-03  7.0587e-03  -2.16068559e+04  -2.13267996e+04     18.48      2.839  0  0.000e+00  0.000e+00
   150  1.4581e-03  6.2591e-03  6.0418e-03  6.2591e-03  -2.16488777e+04  -2.13888445e+04     17.43      3.287  0  0.000e+00  0.000e+00
   175  1.3996e-03  5.6537e-03  5.6835e-03  5.6835e-03  -2.16848478e+04  -2.14397433e+04     17.99      3.736  0  0.000e+00  0.000e+00
   200  1.3890e-03  5.1983e-03  5.2943e-03  5.2943e-03  -2.17096933e+04  -2.14810246e+04     17.90      4.173  0  0.000e+00  0.000e+00
   225  1.3296e-03  4.8334e-03  4.9647e-03  4.9647e-03  -2.17304829e+04  -2.15157730e+04     17.44      4.613  0  0.000e+00  0.000e+00
   250  1.3772e-03  4.5087e-03  4.6566e-03  4.6566e-03  -2.17516072e+04  -2.15499641e+04     18.00      5.050  0  0.000e+00  0.000e+00
   275  1.3671e-03  4.2807e-03  4.5361e-03  4.5361e-03  -2.17715141e+04  -2.15748856e+04     18.55      5.493  0  0.000e+00  0.000e+00
   300  1.4129e-03  4.0761e-03  4.3407e-03  4.3407e-03  -2.17864533e+04  -2.15981277e+04     17.10      5.938  0  0.000e+00  0.000e+00
   325  1.4620e-03  3.8974e-03  4.1941e-03  4.1941e-03  -2.17994683e+04  -2.16173701e+04     17.58      6.382  0  0.000e+00  0.000e+00
   350  1.4677e-03  3.7771e-03  4.1036e-03  4.1036e-03  -2.18117691e+04  -2.16334844e+04     17.72      6.826  0  0.000e+00  0.000e+00
   375  1.4625e-03  3.6230e-03  3.8855e-03  3.8855e-03  -2.18202831e+04  -2.16513710e+04     18.08      7.264  0  0.000e+00  0.000e+00
   400  1.5002e-03  3.5535e-03  3.6963e-03  3.6963e-03  -2.18304430e+04  -2.16696484e+04     18.31      7.706  0  0.000e+00  0.000e+00
   425  1.5691e-03  3.4920e-03  3.6673e-03  3.6673e-03  -2.18418534e+04  -2.16822324e+04     17.44      8.144  0  0.000e+00  0.000e+00
   450  1.6364e-03  3.4158e-03  3.4729e-03  3.4729e-03  -2.18476051e+04  -2.16963793e+04     18.50      8.582  0  0.000e+00  0.000e+00
   475  1.6262e-03  3.3430e-03  3.4014e-03  3.4014e-03  -2.18579384e+04  -2.17097453e+04     17.35      9.028  0  0.000e+00  0.000e+00
   500  1.6665e-03  3.3195e-03  3.3916e-03  3.3916e-03  -2.18629682e+04  -2.17151643e+04     17.06      9.468  0  0.000e+00  0.000e+00
   525  1.6983e-03  3.2548e-03  3.3004e-03  3.3004e-03  -2.18695602e+04  -2.17256757e+04     17.38      9.909  0  0.000e+00  0.000e+00
   550  1.6613e-03  3.2142e-03  3.1484e-03  3.2142e-03  -2.18738719e+04  -2.17365641e+04     17.44     10.347  0  0.000e+00  0.000e+00
   575  1.7261e-03  3.1878e-03  3.1403e-03  3.1878e-03  -2.18839930e+04  -2.17469745e+04     18.39     10.794  0  0.000e+00  0.000e+00
   600  1.7291e-03  3.1471e-03  3.0970e-03  3.1471e-03  -2.18869003e+04  -2.17517498e+04     17.38     11.232  0  0.000e+00  0.000e+00
   625  1.7152e-03  3.0952e-03  3.0350e-03  3.0952e-03  -2.18932052e+04  -2.17607119e+04     17.66     11.667  0  0.000e+00  0.000e+00
   650  1.7497e-03  3.0822e-03  2.9664e-03  3.0822e-03  -2.18973004e+04  -2.17677691e+04     18.24     12.110  0  0.000e+00  0.000e+00
   675  1.7298e-03  3.0443e-03  2.8795e-03  3.0443e-03  -2.19024606e+04  -2.17766824e+04     17.42     12.555  0  0.000e+00  0.000e+00
   700  1.7119e-03  3.0597e-03  2.8247e-03  3.0597e-03  -2.19058271e+04  -2.17824178e+04     17.39     12.989  0  0.000e+00  0.000e+00
   725  1.7237e-03  3.0681e-03  2.8208e-03  3.0681e-03  -2.19116526e+04  -2.17883810e+04     18.73     13.430  0  0.000e+00  0.000e+00
   750  1.7301e-03  3.0135e-03  2.8470e-03  3.0135e-03  -2.19163146e+04  -2.17918765e+04     17.27     13.878  0  0.000e+00  0.000e+00
   775  1.7449e-03  2.9759e-03  2.7472e-03  2.9759e-03  -2.19178862e+04  -2.17977894e+04     17.36     14.323  0  0.000e+00  0.000e+00
   800  1.7500e-03  2.9498e-03  2.7540e-03  2.9498e-03  -2.19239264e+04  -2.18034965e+04     17.74     14.767  0  0.000e+00  0.000e+00
   825  1.7354e-03  2.9288e-03  2.6332e-03  2.9288e-03  -2.19275215e+04  -2.18123438e+04     17.41     15.211  0  0.000e+00  0.000e+00
   850  1.7274e-03  2.8841e-03  2.5511e-03  2.8841e-03  -2.19275685e+04  -2.18159703e+04     17.11     15.650  0  0.000e+00  0.000e+00
   875  1.6810e-03  2.8550e-03  2.4393e-03  2.8550e-03  -2.19327166e+04  -2.18259739e+04     17.12     16.085  0  0.000e+00  0.000e+00
   900  1.6627e-03  2.8032e-03  2.5577e-03  2.8032e-03  -2.19364176e+04  -2.18244894e+04     17.10     16.529  0  0.000e+00  0.000e+00
   925  1.6449e-03  2.7501e-03  2.4384e-03  2.7501e-03  -2.19373738e+04  -2.18306456e+04     17.15     16.963  0  0.000e+00  0.000e+00
   950  1.6779e-03  2.7336e-03  2.3658e-03  2.7336e-03  -2.19406518e+04  -2.18370798e+04     17.57     17.401  0  0.000e+00  0.000e+00
   975  1.6308e-03  2.7412e-03  2.4748e-03  2.7412e-03  -2.19452794e+04  -2.18369266e+04     17.56     17.850  0  0.000e+00  0.000e+00
  1000  1.6560e-03  2.7546e-03  2.3824e-03  2.7546e-03  -2.19459991e+04  -2.18416752e+04     17.43     18.288  0  0.000e+00  0.000e+00
  1025  1.7123e-03  2.7606e-03  2.3115e-03  2.7606e-03  -2.19488805e+04  -2.18476445e+04     18.17     18.732  0  0.000e+00  0.000e+00
  1050  1.6986e-03  2.7424e-03  2.3698e-03  2.7424e-03  -2.19518457e+04  -2.18480470e+04     17.30     19.178  0  0.000e+00  0.000e+00
  1075  1.6944e-03  2.7234e-03  2.1968e-03  2.7234e-03  -2.19520214e+04  -2.18557826e+04     17.34     19.615  0  0.000e+00  0.000e+00
  1100  1.6847e-03  2.6882e-03  2.3853e-03  2.6882e-03  -2.19591050e+04  -2.18545955e+04     17.64     20.062  0  0.000e+00  0.000e+00
  1125  1.6616e-03  2.6941e-03  2.1677e-03  2.6941e-03  -2.19564568e+04  -2.18614726e+04     17.60     20.505  0  0.000e+00  0.000e+00
  1150  1.6130e-03  2.6583e-03  2.2671e-03  2.6583e-03  -2.19620978e+04  -2.18627416e+04     18.79     20.947  0  0.000e+00  0.000e+00
  1175  1.6174e-03  2.6800e-03  2.0744e-03  2.6800e-03  -2.19597426e+04  -2.18688236e+04     17.28     21.388  0  0.000e+00  0.000e+00
  1200  1.6999e-03  2.6967e-03  2.2477e-03  2.6967e-03  -2.19675144e+04  -2.18689789e+04     17.35     21.826  0  0.000e+00  0.000e+00
  1225  1.7490e-03  2.7388e-03  2.0022e-03  2.7388e-03  -2.19629321e+04  -2.18751560e+04     17.51     22.275  0  0.000e+00  0.000e+00
  1250  1.7522e-03  2.7672e-03  2.1207e-03  2.7672e-03  -2.19700293e+04  -2.18770391e+04     17.61     22.720  0  0.000e+00  0.000e+00
  1275  1.7194e-03  2.7260e-03  1.9814e-03  2.7260e-03  -2.19686863e+04  -2.18818006e+04     18.21     23.161  0  0.000e+00  0.000e+00
  1300  1.7080e-03  2.7265e-03  2.0980e-03  2.7265e-03  -2.19726000e+04  -2.18805957e+04     17.15     23.608  0  0.000e+00  0.000e+00
  1325  1.6949e-03  2.6833e-03  1.9460e-03  2.6833e-03  -2.19737653e+04  -2.18884064e+04     17.74     24.051  0  0.000e+00  0.000e+00
  1350  1.7064e-03  2.6783e-03  1.9849e-03  2.6783e-03  -2.19747988e+04  -2.18877321e+04     17.72     24.497  0  0.000e+00  0.000e+00
  1375  1.7268e-03  2.6628e-03  1.9731e-03  2.6628e-03  -2.19782152e+04  -2.18916532e+04     17.09     24.941  0  0.000e+00  0.000e+00
  1400  1.7020e-03  2.7180e-03  1.8977e-03  2.7180e-03  -2.19785650e+04  -2.18953020e+04     17.53     25.376  0  0.000e+00  0.000e+00
  1425  1.7030e-03  2.6770e-03  1.8718e-03  2.6770e-03  -2.19812916e+04  -2.18991524e+04     17.06     25.820  0  0.000e+00  0.000e+00
  1450  1.7249e-03  2.6872e-03  1.7302e-03  2.6872e-03  -2.19808569e+04  -2.19049225e+04     17.24     26.261  0  0.000e+00  0.000e+00
  1475  1.7223e-03  2.6930e-03  1.9064e-03  2.6930e-03  -2.19821289e+04  -2.18984739e+04     17.75     26.704  0  0.000e+00  0.000e+00
  1500  1.6528e-03  2.6636e-03  1.8031e-03  2.6636e-03  -2.19844906e+04  -2.19053497e+04     18.27     27.148  0  0.000e+00  0.000e+00
  1525  1.6649e-03  2.6561e-03  1.9008e-03  2.6561e-03  -2.19849053e+04  -2.19014831e+04     17.89     27.584  0  0.000e+00  0.000e+00
  1550  1.6803e-03  2.6481e-03  1.6965e-03  2.6481e-03  -2.19885550e+04  -2.19140731e+04     17.20     28.028  0  0.000e+00  0.000e+00
  1575  1.6649e-03  2.6572e-03  1.8164e-03  2.6572e-03  -2.19868662e+04  -2.19071360e+04     17.11     28.469  0  0.000e+00  0.000e+00
  1600  1.6565e-03  2.6551e-03  1.7186e-03  2.6551e-03  -2.19904485e+04  -2.19149903e+04     17.28     28.907  0  0.000e+00  0.000e+00
  1625  1.6752e-03  2.6589e-03  1.7519e-03  2.6589e-03  -2.19902803e+04  -2.19133617e+04     17.61     29.355  0  0.000e+00  0.000e+00
  1650  1.6732e-03  2.6938e-03  1.7825e-03  2.6938e-03  -2.19928123e+04  -2.19145455e+04     17.36     29.793  0  0.000e+00  0.000e+00
  1675  1.6857e-03  2.6608e-03  1.7278e-03  2.6608e-03  -2.19926317e+04  -2.19167622e+04     17.17     30.226  0  0.000e+00  0.000e+00
  1700  1.6808e-03  2.6463e-03  1.6415e-03  2.6463e-03  -2.19947505e+04  -2.19226575e+04     17.18     30.665  0  0.000e+00  0.000e+00
  1725  1.6721e-03  2.6310e-03  1.7074e-03  2.6310e-03  -2.19950044e+04  -2.19200223e+04     17.51     31.109  0  0.000e+00  0.000e+00
  1750  1.6789e-03  2.6452e-03  1.5954e-03  2.6452e-03  -2.19967629e+04  -2.19266851e+04     17.15     31.545  0  0.000e+00  0.000e+00
  1775  1.6532e-03  2.6600e-03  1.7335e-03  2.6600e-03  -2.19971944e+04  -2.19210583e+04     17.85     31.981  0  0.000e+00  0.000e+00
  1800  1.6703e-03  2.6062e-03  1.6338e-03  2.6062e-03  -2.19987662e+04  -2.19269989e+04     17.60     32.425  0  0.000e+00  0.000e+00
  1825  1.6657e-03  2.6302e-03  1.7260e-03  2.6302e-03  -2.20007465e+04  -2.19249272e+04     17.72     32.866  0  0.000e+00  0.000e+00
  1850  1.6295e-03  2.6024e-03  1.4917e-03  2.6024e-03  -2.20013004e+04  -2.19357578e+04     18.56     33.310  0  0.000e+00  0.000e+00
  1875  1.6116e-03  2.5780e-03  1.6934e-03  2.5780e-03  -2.20004695e+04  -2.19260808e+04     19.93     33.847  0  0.000e+00  0.000e+00
  1900  1.5966e-03  2.5667e-03  1.5911e-03  2.5667e-03  -2.20050476e+04  -2.19351307e+04     17.57     34.722  0  0.000e+00  0.000e+00
  1925  1.5609e-03  2.5800e-03  1.5882e-03  2.5800e-03  -2.20019968e+04  -2.19322204e+04     17.08     35.155  0  0.000e+00  0.000e+00
  1950  1.6025e-03  2.5615e-03  1.6537e-03  2.5615e-03  -2.20063471e+04  -2.19336811e+04     17.55     35.600  0  0.000e+00  0.000e+00
  1975  1.6120e-03  2.5632e-03  1.5036e-03  2.5632e-03  -2.20050605e+04  -2.19389846e+04     18.20     36.043  0  0.000e+00  0.000e+00
  2000  1.6000e-03  2.5558e-03  1.5056e-03  2.5558e-03  -2.20065864e+04  -2.19404174e+04     17.91     36.481  0  0.000e+00  0.000e+00
  2025  1.6263e-03  2.6057e-03  1.5800e-03  2.6057e-03  -2.20063114e+04  -2.19368788e+04     17.69     36.917  0  0.000e+00  0.000e+00
  2050  1.5935e-03  2.6107e-03  1.6031e-03  2.6107e-03  -2.20101489e+04  -2.19396912e+04     17.77     37.361  0  0.000e+00  0.000e+00
  2075  1.6095e-03  2.5944e-03  1.4684e-03  2.5944e-03  -2.20095012e+04  -2.19449552e+04     17.69     37.801  0  0.000e+00  0.000e+00
  2100  1.6202e-03  2.6042e-03  1.5282e-03  2.6042e-03  -2.20091788e+04  -2.19420119e+04     17.79     38.239  0  0.000e+00  0.000e+00
  2125  1.6459e-03  2.5986e-03  1.5520e-03  2.5986e-03  -2.20127294e+04  -2.19445068e+04     17.18     38.679  0  0.000e+00  0.000e+00
  2150  1.6227e-03  2.5926e-03  1.3295e-03  2.5926e-03  -2.20103828e+04  -2.19519332e+04     17.29     39.114  0  0.000e+00  0.000e+00
  2175  1.6317e-03  2.6045e-03  1.4969e-03  2.6045e-03  -2.20143651e+04  -2.19485554e+04     18.07     39.549  0  0.000e+00  0.000e+00
  2200  1.6384e-03  2.5842e-03  1.2752e-03  2.5842e-03  -2.20121992e+04  -2.19561296e+04     17.24     39.987  0  0.000e+00  0.000e+00
  2225  1.6440e-03  2.6174e-03  1.4713e-03  2.6174e-03  -2.20142861e+04  -2.19496018e+04     18.16     40.428  0  0.000e+00  0.000e+00
  2250  1.6408e-03  2.6086e-03  1.2835e-03  2.6086e-03  -2.20164069e+04  -2.19599610e+04     18.43     40.869  0  0.000e+00  0.000e+00
  2275  1.6610e-03  2.6252e-03  1.3573e-03  2.6252e-03  -2.20131628e+04  -2.19534836e+04     17.45     41.310  0  0.000e+00  0.000e+00
  2300  1.6912e-03  2.6347e-03  1.3271e-03  2.6347e-03  -2.20191132e+04  -2.19607465e+04     17.53     41.744  0  0.000e+00  0.000e+00
  2325  1.6466e-03  2.6794e-03  1.2437e-03  2.6794e-03  -2.20157227e+04  -2.19610284e+04     17.84     42.182  0  0.000e+00  0.000e+00
  2350  1.6594e-03  2.6474e-03  1.3009e-03  2.6474e-03  -2.20192811e+04  -2.19620641e+04     18.09     42.624  0  0.000e+00  0.000e+00
  2375  1.6261e-03  2.6816e-03  1.2312e-03  2.6816e-03  -2.20179885e+04  -2.19638377e+04     17.18     43.067  0  0.000e+00  0.000e+00
  2400  1.6629e-03  2.6583e-03  1.3148e-03  2.6583e-03  -2.20199405e+04  -2.19621098e+04     17.07     43.510  0  0.000e+00  0.000e+00
  2425  1.6486e-03  2.6551e-03  1.1750e-03  2.6551e-03  -2.20211537e+04  -2.19694645e+04     17.56     43.955  0  0.000e+00  0.000e+00
  2450  1.6013e-03  2.6331e-03  1.1059e-03  2.6331e-03  -2.20194014e+04  -2.19707526e+04     17.72     44.395  0  0.000e+00  0.000e+00
  2475  1.6438e-03  2.6426e-03  1.1460e-03  2.6426e-03  -2.20210678e+04  -2.19706526e+04     17.79     44.834  0  0.000e+00  0.000e+00
  2500  1.6165e-03  2.6198e-03  1.3108e-03  2.6198e-03  -2.20205069e+04  -2.19628512e+04     18.76     45.279  0  0.000e+00  0.000e+00
  2525  1.6234e-03  2.6023e-03  1.1987e-03  2.6023e-03  -2.20236121e+04  -2.19708727e+04     17.44     45.718  0  0.000e+00  0.000e+00
  2550  1.6268e-03  2.5791e-03  1.2959e-03  2.5791e-03  -2.20220679e+04  -2.19650646e+04     17.21     46.157  0  0.000e+00  0.000e+00
  2575  1.6199e-03  2.6095e-03  1.1780e-03  2.6095e-03  -2.20260733e+04  -2.19742383e+04     17.70     46.594  0  0.000e+00  0.000e+00
  2600  1.6197e-03  2.5887e-03  1.0641e-03  2.5887e-03  -2.20231752e+04  -2.19763558e+04     17.08     47.038  0  0.000e+00  0.000e+00
  2625  1.6216e-03  2.6048e-03  1.1117e-03  2.6048e-03  -2.20252139e+04  -2.19762942e+04     17.62     47.484  0  0.000e+00  0.000e+00
  2650  1.6091e-03  2.5996e-03  1.0465e-03  2.5996e-03  -2.20260828e+04  -2.19800288e+04     17.93     47.928  0  0.000e+00  0.000e+00
  2675  1.6088e-03  2.6301e-03  1.0271e-03  2.6301e-03  -2.20236301e+04  -2.19784350e+04     17.79     48.366  0  0.000e+00  0.000e+00
  2700  1.6126e-03  2.6247e-03  1.2169e-03  2.6247e-03  -2.20266831e+04  -2.19731383e+04     17.68     48.806  0  0.000e+00  0.000e+00
  2725  1.5959e-03  2.6092e-03  1.0845e-03  2.6092e-03  -2.20279043e+04  -2.19801779e+04     17.37     49.248  0  0.000e+00  0.000e+00
  2750  1.5935e-03  2.6215e-03  1.1282e-03  2.6215e-03  -2.20279809e+04  -2.19783298e+04     17.54     49.687  0  0.000e+00  0.000e+00
  2775  1.5951e-03  2.6128e-03  1.0477e-03  2.6128e-03  -2.20271690e+04  -2.19810609e+04     17.29     50.132  0  0.000e+00  0.000e+00
  2800  1.6485e-03  2.5869e-03  1.1560e-03  2.5869e-03  -2.20289457e+04  -2.19780719e+04     17.60     50.575  0  0.000e+00  0.000e+00
  2825  1.6315e-03  2.6119e-03  1.0210e-03  2.6119e-03  -2.20304839e+04  -2.19855412e+04     18.47     51.019  0  0.000e+00  0.000e+00
  2850  1.6063e-03  2.5696e-03  9.5850e-04  2.5696e-03  -2.20284562e+04  -2.19862673e+04     18.39     51.461  0  0.000e+00  0.000e+00
  2875  1.5813e-03  2.5641e-03  1.1033e-03  2.5641e-03  -2.20301417e+04  -2.19815831e+04     17.64     51.896  0  0.000e+00  0.000e+00
  2900  1.6205e-03  2.6019e-03  1.0034e-03  2.6019e-03  -2.20307918e+04  -2.19866225e+04     17.29     52.338  0  0.000e+00  0.000e+00
  2925  1.6051e-03  2.5592e-03  1.0442e-03  2.5592e-03  -2.20299779e+04  -2.19840157e+04     17.38     52.785  0  0.000e+00  0.000e+00
  2950  1.6564e-03  2.5814e-03  1.0757e-03  2.5814e-03  -2.20333844e+04  -2.19860324e+04     17.71     53.231  0  0.000e+00  0.000e+00
  2975  1.6074e-03  2.5672e-03  9.0918e-04  2.5672e-03  -2.20307845e+04  -2.19907602e+04     18.59     53.673  0  0.000e+00  0.000e+00
  3000  1.6307e-03  2.5763e-03  1.0791e-03  2.5763e-03  -2.20316723e+04  -2.19841747e+04     18.59     54.111  0  0.000e+00  0.000e+00
  3025  1.5888e-03  2.5864e-03  1.0298e-03  2.5864e-03  -2.20346826e+04  -2.19893452e+04     17.14     54.554  0  0.000e+00  0.000e+00
  3050  1.6400e-03  2.5828e-03  9.2316e-04  2.5828e-03  -2.20321474e+04  -2.19915056e+04     17.18     54.996  0  0.000e+00  0.000e+00
  3075  1.6246e-03  2.6016e-03  1.0779e-03  2.6016e-03  -2.20327210e+04  -2.19852725e+04     17.67     55.443  0  0.000e+00  0.000e+00
  3100  1.6304e-03  2.5707e-03  1.0640e-03  2.5707e-03  -2.20358006e+04  -2.19889585e+04     18.07     55.884  0  0.000e+00  0.000e+00
  3125  1.6312e-03  2.6235e-03  9.3466e-04  2.6235e-03  -2.20345214e+04  -2.19933696e+04     20.36     56.327  0  0.000e+00  0.000e+00
  3150  1.6166e-03  2.6167e-03  1.0411e-03  2.6167e-03  -2.20351428e+04  -2.19893065e+04     17.23     56.775  0  0.000e+00  0.000e+00
  3175  1.6606e-03  2.6036e-03  8.8548e-04  2.6036e-03  -2.20366005e+04  -2.19976080e+04     17.47     57.216  0  0.000e+00  0.000e+00
  3200  1.6503e-03  2.5751e-03  9.3781e-04  2.5751e-03  -2.20350449e+04  -2.19937532e+04     17.35     57.657  0  0.000e+00  0.000e+00
  3225  1.5950e-03  2.6060e-03  9.3198e-04  2.6060e-03  -2.20374714e+04  -2.19964320e+04     17.67     58.093  0  0.000e+00  0.000e+00
  3250  1.6510e-03  2.6033e-03  8.3605e-04  2.6033e-03  -2.20354259e+04  -2.19986106e+04     18.46     58.536  0  0.000e+00  0.000e+00
  3275  1.6399e-03  2.5784e-03  9.9445e-04  2.5784e-03  -2.20375939e+04  -2.19938061e+04     18.10     58.977  0  0.000e+00  0.000e+00
  3300  1.6223e-03  2.5753e-03  9.1514e-04  2.5753e-03  -2.20370982e+04  -2.19968001e+04     17.63     59.413  0  0.000e+00  0.000e+00
  3325  1.6372e-03  2.5722e-03  9.9619e-04  2.5722e-03  -2.20382227e+04  -2.19943568e+04     17.66     59.848  0  0.000e+00  0.000e+00
  3350  1.5992e-03  2.5662e-03  9.8224e-04  2.5662e-03  -2.20399003e+04  -2.19966448e+04     17.41     60.290  0  0.000e+00  0.000e+00
  3375  1.6026e-03  2.5518e-03  7.7297e-04  2.5518e-03  -2.20389876e+04  -2.20049422e+04     17.64     60.730  0  0.000e+00  0.000e+00
  3400  1.5899e-03  2.5375e-03  9.1602e-04  2.5375e-03  -2.20375604e+04  -2.19972229e+04     18.58     61.172  0  0.000e+00  0.000e+00
  3425  1.5779e-03  2.5246e-03  9.2235e-04  2.5246e-03  -2.20423175e+04  -2.20016927e+04     17.37     61.619  0  0.000e+00  0.000e+00
  3450  1.5611e-03  2.5361e-03  6.9781e-04  2.5361e-03  -2.20383126e+04  -2.20075764e+04     17.21     62.051  0  0.000e+00  0.000e+00
  3475  1.5919e-03  2.5512e-03  9.9283e-04  2.5512e-03  -2.20395305e+04  -2.19958098e+04     18.07     62.491  0  0.000e+00  0.000e+00
  3500  1.6252e-03  2.5493e-03  8.0142e-04  2.5493e-03  -2.20437553e+04  -2.20084504e+04     17.35     62.937  0  0.000e+00  0.000e+00
  3525  1.6167e-03  2.5643e-03  6.7207e-04  2.5643e-03  -2.20382387e+04  -2.20086354e+04     17.27     63.375  0  0.000e+00  0.000e+00
  3550  1.6099e-03  2.5481e-03  9.5620e-04  2.5481e-03  -2.20429664e+04  -2.20008507e+04     17.85     63.818  0  0.000e+00  0.000e+00
  3575  1.6123e-03  2.5579e-03  7.3950e-04  2.5579e-03  -2.20419732e+04  -2.20093963e+04     17.62     64.254  0  0.000e+00  0.000e+00
  3600  1.6044e-03  2.5564e-03  8.6392e-04  2.5564e-03  -2.20417633e+04  -2.20037107e+04     17.84     64.696  0  0.000e+00  0.000e+00
  3625  1.6268e-03  2.5550e-03  8.4164e-04  2.5550e-03  -2.20437736e+04  -2.20066982e+04     17.64     65.140  0  0.000e+00  0.000e+00
  3650  1.6463e-03  2.5546e-03  7.5608e-04  2.5546e-03  -2.20424573e+04  -2.20091500e+04     17.29     65.580  0  0.000e+00  0.000e+00
  3675  1.6406e-03  2.5576e-03  8.3740e-04  2.5576e-03  -2.20434553e+04  -2.20065670e+04     17.18     66.027  0  0.000e+00  0.000e+00
  3700  1.6163e-03  2.5608e-03  7.5809e-04  2.5608e-03  -2.20443274e+04  -2.20109287e+04     17.07     66.463  0  0.000e+00  0.000e+00
  3725  1.6271e-03  2.5619e-03  7.3613e-04  2.5619e-03  -2.20425470e+04  -2.20101180e+04     17.70     66.899  0  0.000e+00  0.000e+00
  3750  1.6150e-03  2.5445e-03  7.9010e-04  2.5445e-03  -2.20455069e+04  -2.20106974e+04     17.81     67.348  0  0.000e+00  0.000e+00
  3775  1.6298e-03  2.5220e-03  6.3338e-04  2.5220e-03  -2.20442318e+04  -2.20163242e+04     17.33     67.787  0  0.000e+00  0.000e+00
  3800  1.6281e-03  2.5446e-03  6.9278e-04  2.5446e-03  -2.20440412e+04  -2.20135181e+04     17.84     68.229  0  0.000e+00  0.000e+00
  3825  1.6196e-03  2.5484e-03  7.3296e-04  2.5484e-03  -2.20454977e+04  -2.20132038e+04     18.62     68.669  0  0.000e+00  0.000e+00
  3850  1.6457e-03  2.5579e-03  6.8483e-04  2.5579e-03  -2.20452376e+04  -2.20150630e+04     17.70     69.120  0  0.000e+00  0.000e+00
  3875  1.6394e-03  2.5322e-03  7.6147e-04  2.5322e-03  -2.20448105e+04  -2.20112624e+04     17.18     69.552  0  0.000e+00  0.000e+00
  3900  1.6568e-03  2.5361e-03  7.9329e-04  2.5361e-03  -2.20458206e+04  -2.20108699e+04     17.44     69.988  0  0.000e+00  0.000e+00
  3925  1.6349e-03  2.5584e-03  7.7149e-04  2.5584e-03  -2.20465946e+04  -2.20126027e+04     17.39     70.427  0  0.000e+00  0.000e+00
  3950  1.6435e-03  2.5837e-03  6.8568e-04  2.5837e-03  -2.20471280e+04  -2.20169136e+04     17.64     70.866  0  0.000e+00  0.000e+00
  3975  1.7004e-03  2.5708e-03  6.8383e-04  2.5708e-03  -2.20470860e+04  -2.20169531e+04     17.60     71.313  0  0.000e+00  0.000e+00
  4000  1.7034e-03  2.5505e-03  5.8798e-04  2.5505e-03  -2.20474381e+04  -2.20215258e+04     17.57     71.754  0  0.000e+00  0.000e+00
  4025  1.7003e-03  2.5619e-03  6.2210e-04  2.5619e-03  -2.20471651e+04  -2.20197504e+04     18.11     72.195  0  0.000e+00  0.000e+00
  4050  1.6519e-03  2.5772e-03  5.7723e-04  2.5772e-03  -2.20484703e+04  -2.20230302e+04     18.02     72.636  0  0.000e+00  0.000e+00
  4075  1.6928e-03  2.5946e-03  5.9846e-04  2.5946e-03  -2.20459223e+04  -2.20195503e+04     18.53     73.078  0  0.000e+00  0.000e+00
  4100  1.6686e-03  2.6051e-03  7.7564e-04  2.6051e-03  -2.20487080e+04  -2.20145298e+04     17.20     73.520  0  0.000e+00  0.000e+00
  4125  1.6628e-03  2.5899e-03  6.7393e-04  2.5899e-03  -2.20494697e+04  -2.20197694e+04     17.38     73.952  0  0.000e+00  0.000e+00
  4150  1.6813e-03  2.5892e-03  6.7289e-04  2.5892e-03  -2.20482757e+04  -2.20186227e+04     18.72     74.390  0  0.000e+00  0.000e+00
  4175  1.6797e-03  2.6118e-03  6.8115e-04  2.6118e-03  -2.20503864e+04  -2.20203668e+04     17.84     74.829  0  0.000e+00  0.000e+00
  4200  1.6823e-03  2.6074e-03  4.8767e-04  2.6074e-03  -2.20495198e+04  -2.20280240e+04     17.52     75.272  0  0.000e+00  0.000e+00
  4225  1.6572e-03  2.6070e-03  6.3741e-04  2.6070e-03  -2.20481314e+04  -2.20200411e+04     17.51     75.719  0  0.000e+00  0.000e+00
  4250  1.6784e-03  2.6126e-03  7.4337e-04  2.6126e-03  -2.20507140e+04  -2.20179538e+04     17.77     76.162  0  0.000e+00  0.000e+00
  4275  1.6872e-03  2.5721e-03  6.0186e-04  2.5721e-03  -2.20519633e+04  -2.20254341e+04     17.54     76.599  0  0.000e+00  0.000e+00
  4300  1.6757e-03  2.5765e-03  4.8478e-04  2.5765e-03  -2.20500852e+04  -2.20287161e+04     17.31     77.034  0  0.000e+00  0.000e+00
  4325  1.6516e-03  2.5847e-03  5.3571e-04  2.5847e-03  -2.20504924e+04  -2.20268794e+04     18.00     77.478  0  0.000e+00  0.000e+00
  4350  1.6383e-03  2.5505e-03  5.6238e-04  2.5505e-03  -2.20502393e+04  -2.20254513e+04     17.91     77.918  0  0.000e+00  0.000e+00
  4375  1.6397e-03  2.5591e-03  5.8988e-04  2.5591e-03  -2.20515883e+04  -2.20255874e+04     18.67     78.361  0  0.000e+00  0.000e+00
  4400  1.6030e-03  2.5624e-03  5.1591e-04  2.5624e-03  -2.20522736e+04  -2.20295308e+04     17.20     78.805  0  0.000e+00  0.000e+00
  4425  1.6189e-03  2.5610e-03  4.8311e-04  2.5610e-03  -2.20511264e+04  -2.20298300e+04     17.26     79.242  0  0.000e+00  0.000e+00
  4450  1.6375e-03  2.5591e-03  4.5765e-04  2.5591e-03  -2.20530430e+04  -2.20328667e+04     17.32     79.682  0  0.000e+00  0.000e+00
  4475  1.6121e-03  2.5670e-03  4.6660e-04  2.5670e-03  -2.20511079e+04  -2.20305388e+04     17.85     80.132  0  0.000e+00  0.000e+00
  4500  1.5965e-03  2.5494e-03  5.9694e-04  2.5494e-03  -2.20533043e+04  -2.20269906e+04     17.53     80.569  0  0.000e+00  0.000e+00
  4525  1.6586e-03  2.5501e-03  4.8868e-04  2.5501e-03  -2.20540755e+04  -2.20325309e+04     17.94     81.010  0  0.000e+00  0.000e+00
  4550  1.6871e-03  2.5468e-03  4.1136e-04  2.5468e-03  -2.20522969e+04  -2.20341612e+04     18.10     81.450  0  0.000e+00  0.000e+00
  4575  1.6879e-03  2.5494e-03  4.2205e-04  2.5494e-03  -2.20546022e+04  -2.20359935e+04     17.31     81.890  0  0.000e+00  0.000e+00
  4600  1.6718e-03  2.5536e-03  2.7603e-04  2.5536e-03  -2.20534221e+04  -2.20412505e+04     17.67     82.330  0  0.000e+00  0.000e+00
  4625  1.7055e-03  2.5460e-03  3.5557e-04  2.5460e-03  -2.20515768e+04  -2.20359001e+04     17.24     82.770  0  0.000e+00  0.000e+00
  4650  1.7002e-03  2.5494e-03  5.3350e-04  2.5494e-03  -2.20545904e+04  -2.20310702e+04     17.20     83.212  0  0.000e+00  0.000e+00
  4675  1.6874e-03  2.5611e-03  3.9502e-04  2.5611e-03  -2.20544419e+04  -2.20370246e+04     17.07     83.652  0  0.000e+00  0.000e+00
  4700  1.7214e-03  2.5548e-03  3.5812e-04  2.5548e-03  -2.20540162e+04  -2.20382256e+04     17.03     84.091  0  0.000e+00  0.000e+00
  4725  1.7179e-03  2.5432e-03  4.1152e-04  2.5432e-03  -2.20538131e+04  -2.20356689e+04     17.17     84.530  0  0.000e+00  0.000e+00
  4750  1.6860e-03  2.5314e-03  4.1522e-04  2.5314e-03  -2.20545726e+04  -2.20362648e+04     17.71     84.981  0  0.000e+00  0.000e+00
  4775  1.6920e-03  2.5568e-03  5.3647e-04  2.5568e-03  -2.20539445e+04  -2.20302939e+04     17.65     85.420  0  0.000e+00  0.000e+00
  4800  1.6886e-03  2.5451e-03  5.2194e-04  2.5451e-03  -2.20565329e+04  -2.20335199e+04     17.28     85.863  0  0.000e+00  0.000e+00
  4825  1.7027e-03  2.5512e-03  4.1769e-04  2.5512e-03  -2.20554828e+04  -2.20370655e+04     17.37     86.307  0  0.000e+00  0.000e+00
  4850  1.7560e-03  2.5844e-03  4.2785e-04  2.5844e-03  -2.20556013e+04  -2.20367362e+04     17.59     86.751  0  0.000e+00  0.000e+00
  4875  1.7566e-03  2.5677e-03  4.5760e-04  2.5677e-03  -2.20552642e+04  -2.20350882e+04     17.74     87.190  0  0.000e+00  0.000e+00
  4900  1.7625e-03  2.5901e-03  4.4324e-04  2.5901e-03  -2.20572169e+04  -2.20376718e+04     18.00     87.630  0  0.000e+00  0.000e+00
  4925  1.7219e-03  2.5845e-03  4.0611e-04  2.5845e-03  -2.20541682e+04  -2.20362622e+04     17.16     88.065  0  0.000e+00  0.000e+00
  4950  1.7477e-03  2.5483e-03  5.7912e-04  2.5483e-03  -2.20565968e+04  -2.20310640e+04     17.54     88.503  0  0.000e+00  0.000e+00
  4975  1.7028e-03  2.5610e-03  5.0365e-04  2.5610e-03  -2.20584809e+04  -2.20362721e+04     17.30     88.944  0  0.000e+00  0.000e+00
  5000  1.7098e-03  2.5622e-03  2.9420e-04  2.5622e-03  -2.20561440e+04  -2.20431697e+04     17.14     89.377  0  0.000e+00  0.000e+00
  5025  1.6800e-03  2.5492e-03  4.5923e-04  2.5492e-03  -2.20564351e+04  -2.20361862e+04     18.38     89.824  0  0.000e+00  0.000e+00
  5050  1.6831e-03  2.5782e-03  4.4241e-04  2.5782e-03  -2.20582235e+04  -2.20387143e+04     17.35     90.264  0  0.000e+00  0.000e+00
  5075  1.6725e-03  2.5696e-03  3.0579e-04  2.5696e-03  -2.20568262e+04  -2.20433406e+04     18.23     90.702  0  0.000e+00  0.000e+00
  5100  1.6788e-03  2.5888e-03  4.7264e-04  2.5888e-03  -2.20572742e+04  -2.20364333e+04     17.28     91.144  0  0.000e+00  0.000e+00
  5125  1.6735e-03  2.5735e-03  3.1611e-04  2.5735e-03  -2.20592626e+04  -2.20453205e+04     17.53     91.584  0  0.000e+00  0.000e+00
  5150  1.6862e-03  2.5714e-03  2.5692e-04  2.5714e-03  -2.20557589e+04  -2.20444283e+04     17.64     92.024  0  0.000e+00  0.000e+00
  5175  1.6565e-03  2.5915e-03  4.3329e-04  2.5915e-03  -2.20591570e+04  -2.20400489e+04     17.43     92.472  0  0.000e+00  0.000e+00
  5200  1.6489e-03  2.5799e-03  3.0475e-04  2.5799e-03  -2.20586386e+04  -2.20451976e+04     18.12     92.916  0  0.000e+00  0.000e+00
  5225  1.6758e-03  2.6185e-03  2.7824e-04  2.6185e-03  -2.20594067e+04  -2.20471342e+04     17.47     93.349  0  0.000e+00  0.000e+00
  5250  1.7067e-03  2.6024e-03  1.3241e-04  2.6024e-03  -2.20587239e+04  -2.20528829e+04     17.83     93.792  0  0.000e+00  0.000e+00
  5275  1.6829e-03  2.6177e-03  2.3784e-04  2.6177e-03  -2.20566630e+04  -2.20461731e+04     17.32     94.236  0  0.000e+00  0.000e+00
  5300  1.6712e-03  2.6338e-03  4.1796e-04  2.6338e-03  -2.20595897e+04  -2.20411570e+04     17.23     94.677  0  0.000e+00  0.000e+00
  5325  1.6520e-03  2.6154e-03  2.5501e-04  2.6154e-03  -2.20604379e+04  -2.20491894e+04     17.46     95.114  0  0.000e+00  0.000e+00
  5350  1.6741e-03  2.6193e-03  2.5199e-04  2.6193e-03  -2.20574435e+04  -2.20463294e+04     18.05     95.548  0  0.000e+00  0.000e+00
  5375  1.7130e-03  2.6273e-03  4.2115e-04  2.6273e-03  -2.20605065e+04  -2.20419322e+04     17.48     95.986  0  0.000e+00  0.000e+00
  5400  1.7433e-03  2.6313e-03  2.3224e-04  2.6313e-03  -2.20599492e+04  -2.20497049e+04     18.19     96.428  0  0.000e+00  0.000e+00
  5425  1.7275e-03  2.6378e-03  2.5403e-04  2.6378e-03  -2.20586152e+04  -2.20474105e+04     17.28     96.873  0  0.000e+00  0.000e+00
  5450  1.7035e-03  2.6630e-03  3.0480e-04  2.6630e-03  -2.20609393e+04  -2.20474945e+04     17.12     97.313  0  0.000e+00  0.000e+00
  5475  1.7690e-03  2.6606e-03  2.0697e-04  2.6606e-03  -2.20592242e+04  -2.20500945e+04     17.39     97.756  0  0.000e+00  0.000e+00
  5500  1.8166e-03  2.6656e-03  3.6565e-04  2.6656e-03  -2.20595942e+04  -2.20434675e+04     17.34     98.194  0  0.000e+00  0.000e+00
  5525  1.8016e-03  2.6742e-03  3.7366e-04  2.6742e-03  -2.20610723e+04  -2.20445914e+04     18.22     98.637  0  0.000e+00  0.000e+00
  5550  1.8107e-03  2.6622e-03  2.6303e-04  2.6622e-03  -2.20611266e+04  -2.20495238e+04     18.26     99.077  0  0.000e+00  0.000e+00
  5575  1.8225e-03  2.6805e-03  2.4866e-04  2.6805e-03  -2.20600160e+04  -2.20490476e+04     18.39     99.517  0  0.000e+00  0.000e+00
  5600  1.8198e-03  2.6859e-03  2.6516e-04  2.6859e-03  -2.20616857e+04  -2.20499886e+04     17.23     99.961  0  0.000e+00  0.000e+00
  5625  1.8900e-03  2.6896e-03  1.9674e-04  2.6896e-03  -2.20610316e+04  -2.20523523e+04     17.26    100.399  0  0.000e+00  0.000e+00
  5650  1.8464e-03  2.6607e-03  1.7882e-04  2.6607e-03  -2.20617928e+04  -2.20539040e+04     17.52    100.836  0  0.000e+00  0.000e+00
  5675  1.8271e-03  2.6734e-03  9.5272e-05  2.6734e-03  -2.20619804e+04  -2.20577769e+04     17.12    101.275  0  0.000e+00  0.000e+00
  5700  1.7812e-03  2.6769e-03  7.7400e-05  2.6769e-03  -2.20599995e+04  -2.20565848e+04     17.64    101.714  0  0.000e+00  0.000e+00
  5725  1.8475e-03  2.6691e-03  1.9749e-04  2.6691e-03  -2.20615101e+04  -2.20527978e+04     17.49    102.152  0  0.000e+00  0.000e+00
  5750  1.8714e-03  2.7005e-03  1.0592e-04  2.7005e-03  -2.20623723e+04  -2.20576991e+04     17.09    102.595  0  0.000e+00  0.000e+00
  5775  1.8869e-03  2.6810e-03  9.4369e-05  2.6810e-03  -2.20606671e+04  -2.20565038e+04     17.70    103.044  0  0.000e+00  0.000e+00
  5800  1.8553e-03  2.6909e-03  2.2596e-04  2.6909e-03  -2.20625495e+04  -2.20525811e+04     17.80    103.484  0  0.000e+00  0.000e+00
  5825  1.8832e-03  2.7110e-03  1.2765e-04  2.7110e-03  -2.20629791e+04  -2.20573472e+04     18.67    103.924  0  0.000e+00  0.000e+00
  5850  1.8905e-03  2.7178e-03  1.7687e-04  2.7178e-03  -2.20619581e+04  -2.20541550e+04     17.17    104.368  0  0.000e+00  0.000e+00
  5875  1.9075e-03  2.6975e-03  1.9463e-04  2.6975e-03  -2.20626693e+04  -2.20540827e+04     17.51    104.804  0  0.000e+00  0.000e+00
  5900  1.8643e-03  2.7088e-03  1.2102e-04  2.7088e-03  -2.20635611e+04  -2.20582212e+04     17.55    105.246  0  0.000e+00  0.000e+00
  5925  1.8717e-03  2.7066e-03  1.3911e-05  2.7066e-03  -2.20629838e+04  -2.20623700e+04     17.18    105.685  0  0.000e+00  0.000e+00
  5950  1.8690e-03  2.7158e-03  9.4235e-05  2.7158e-03  -2.20615867e+04  -2.20574290e+04     17.48    106.122  0  0.000e+00  0.000e+00
  5975  1.9024e-03  2.7137e-03  1.8756e-04  2.7137e-03  -2.20636427e+04  -2.20553674e+04     17.28    106.565  0  0.000e+00  0.000e+00
  6000  1.9186e-03  2.7063e-03  1.0382e-04  2.7063e-03  -2.20629391e+04  -2.20583584e+04     17.27    107.000  0  0.000e+00  0.000e+00
  6025  1.9138e-03  2.7087e-03  1.6206e-04  2.7087e-03  -2.20629486e+04  -2.20557984e+04     17.33    107.438  0  0.000e+00  0.000e+00
  6050  1.9229e-03  2.7291e-03  1.9845e-04  2.7291e-03  -2.20634122e+04  -2.20546569e+04     17.19    107.885  0  0.000e+00  0.000e+00
  6075  1.9445e-03  2.6989e-03  8.2740e-05  2.6989e-03  -2.20640377e+04  -2.20603867e+04     17.59    108.326  0  0.000e+00  0.000e+00
  6100  1.9336e-03  2.6942e-03  2.0088e-04  2.6942e-03  -2.20617748e+04  -2.20529130e+04     18.00    108.770  0  0.000e+00  0.000e+00
  6125  1.9341e-03  2.7207e-03  2.3090e-04  2.7207e-03  -2.20656417e+04  -2.20554542e+04     17.48    109.212  0  0.000e+00  0.000e+00
  6150  1.8955e-03  2.7166e-03  1.0070e-04  2.7166e-03  -2.20632443e+04  -2.20588011e+04     18.09    109.649  0  0.000e+00  0.000e+00
  6175  1.8927e-03  2.7259e-03  1.9491e-04  2.7259e-03  -2.20644310e+04  -2.20558313e+04     17.35    110.089  0  0.000e+00  0.000e+00
  6200  1.8350e-03  2.7349e-03  1.0288e-04  2.7349e-03  -2.20653062e+04  -2.20607665e+04     17.24    110.536  0  0.000e+00  0.000e+00
  6225  1.9126e-03  2.7296e-03  3.0022e-05  2.7296e-03  -2.20645086e+04  -2.20658335e+04     17.56    110.979  0  0.000e+00  0.000e+00
  6250  1.9512e-03  2.7090e-03  6.2307e-05  2.7090e-03  -2.20627134e+04  -2.20599642e+04     17.93    111.421  0  0.000e+00  0.000e+00
  6275  1.9386e-03  2.7210e-03  1.3489e-04  2.7210e-03  -2.20659343e+04  -2.20599821e+04     18.72    111.861  0  0.000e+00  0.000e+00
  6300  1.9160e-03  2.7249e-03  4.2455e-05  2.7249e-03  -2.20645970e+04  -2.20664706e+04     17.32    112.296  0  0.000e+00  0.000e+00
  6325  1.9252e-03  2.7199e-03  7.1724e-05  2.7199e-03  -2.20631333e+04  -2.20599685e+04     18.13    112.737  0  0.000e+00  0.000e+00
  6350  1.9247e-03  2.7244e-03  1.4359e-04  2.7244e-03  -2.20668647e+04  -2.20605282e+04     17.62    113.178  0  0.000e+00  0.000e+00
  6375  1.9542e-03  2.7279e-03  1.2100e-05  2.7279e-03  -2.20641866e+04  -2.20636526e+04     17.96    113.617  0  0.000e+00  0.000e+00
  6400  1.9470e-03  2.7422e-03  1.1955e-04  2.7422e-03  -2.20646816e+04  -2.20594066e+04     17.46    114.062  0  0.000e+00  0.000e+00
  6425  1.9538e-03  2.7324e-03  1.8750e-04  2.7324e-03  -2.20649693e+04  -2.20566961e+04     17.33    114.502  0  0.000e+00  0.000e+00
  6450  1.9233e-03  2.7460e-03  2.1540e-04  2.7460e-03  -2.20665068e+04  -2.20570023e+04     17.13    114.942  0  0.000e+00  0.000e+00
  6475  1.9575e-03  2.7373e-03  6.9690e-05  2.7373e-03  -2.20660546e+04  -2.20629791e+04     17.94    115.388  0  0.000e+00  0.000e+00
  6500  1.9965e-03  2.7386e-03  6.5075e-05  2.7386e-03  -2.20650022e+04  -2.20621306e+04     17.64    115.824  0  0.000e+00  0.000e+00
  6525  1.9356e-03  2.7541e-03  1.3253e-04  2.7541e-03  -2.20657978e+04  -2.20599499e+04     18.10    116.265  0  0.000e+00  0.000e+00
  6550  1.9751e-03  2.7245e-03  8.2257e-06  2.7245e-03  -2.20678044e+04  -2.20674414e+04     18.24    116.706  0  0.000e+00  0.000e+00
  6575  1.9528e-03  2.7519e-03  1.6289e-04  2.7519e-03  -2.20643051e+04  -2.20714944e+04     18.80    117.147  0  0.000e+00  0.000e+00
  6600  1.9246e-03  2.7643e-03  1.0941e-04  2.7643e-03  -2.20645681e+04  -2.20597405e+04     17.32    117.595  0  0.000e+00  0.000e+00
  6625  1.9460e-03  2.7626e-03  1.3167e-04  2.7626e-03  -2.20673836e+04  -2.20615730e+04     17.67    118.038  0  0.000e+00  0.000e+00
  6650  1.9822e-03  2.7718e-03  8.2213e-05  2.7718e-03  -2.20684498e+04  -2.20720788e+04     18.38    118.482  0  0.000e+00  0.000e+00
  6675  2.0307e-03  2.7591e-03  9.7139e-05  2.7591e-03  -2.20642377e+04  -2.20685248e+04     17.18    118.924  0  0.000e+00  0.000e+00
  6700  2.0338e-03  2.7554e-03  1.1519e-05  2.7554e-03  -2.20671286e+04  -2.20666202e+04     17.29    119.360  0  0.000e+00  0.000e+00
  6725  2.0776e-03  2.7396e-03  1.0048e-04  2.7396e-03  -2.20675894e+04  -2.20720246e+04     17.37    119.802  0  0.000e+00  0.000e+00
  6750  2.0136e-03  2.7494e-03  1.0724e-04  2.7494e-03  -2.20653270e+04  -2.20700602e+04     17.19    120.241  0  0.000e+00  0.000e+00
  6775  2.0098e-03  2.7678e-03  5.1459e-05  2.7678e-03  -2.20665909e+04  -2.20643199e+04     17.36    120.684  0  0.000e+00  0.000e+00
  6800  1.9861e-03  2.7549e-03  1.6924e-05  2.7549e-03  -2.20669627e+04  -2.20662158e+04     17.78    121.131  0  0.000e+00  0.000e+00
  6825  2.0077e-03  2.7798e-03  5.2381e-05  2.7798e-03  -2.20662759e+04  -2.20639643e+04     18.08    121.574  0  0.000e+00  0.000e+00
  6850  1.9823e-03  2.7795e-03  1.0632e-04  2.7795e-03  -2.20673948e+04  -2.20627030e+04     17.45    122.011  0  0.000e+00  0.000e+00
  6875  1.9899e-03  2.7660e-03  9.5063e-05  2.7660e-03  -2.20676401e+04  -2.20634448e+04     17.79    122.446  0  0.000e+00  0.000e+00
  6900  2.0277e-03  2.8033e-03  5.7160e-05  2.8033e-03  -2.20676475e+04  -2.20651248e+04     18.24    122.891  0  0.000e+00  0.000e+00
  6925  2.0713e-03  2.7601e-03  1.3157e-05  2.7601e-03  -2.20678638e+04  -2.20672831e+04     17.16    123.333  0  0.000e+00  0.000e+00
  6950  2.0887e-03  2.7579e-03  1.7818e-05  2.7579e-03  -2.20672268e+04  -2.20680132e+04     17.78    123.767  0  0.000e+00  0.000e+00
  6975  2.0726e-03  2.7896e-03  2.0549e-06  2.7896e-03  -2.20677790e+04  -2.20676883e+04     18.10    124.209  0  0.000e+00  0.000e+00
  7000  2.0654e-03  2.7525e-03  1.1219e-04  2.7525e-03  -2.20687975e+04  -2.20737498e+04     17.74    124.643  0  0.000e+00  0.000e+00
  7025  2.1041e-03  2.7635e-03  1.5137e-04  2.7635e-03  -2.20660649e+04  -2.20727463e+04     17.27    125.087  0  0.000e+00  0.000e+00
  7050  2.1045e-03  2.7444e-03  1.5042e-05  2.7444e-03  -2.20684933e+04  -2.20691573e+04     17.03    125.530  0  0.000e+00  0.000e+00
  7075  2.1095e-03  2.7499e-03  1.2027e-04  2.7499e-03  -2.20684157e+04  -2.20737250e+04     17.32    125.967  0  0.000e+00  0.000e+00
  7100  2.1713e-03  2.7695e-03  1.0125e-04  2.7695e-03  -2.20673360e+04  -2.20718050e+04     17.66    126.413  0  0.000e+00  0.000e+00
  7125  2.1226e-03  2.7270e-03  7.9834e-06  2.7270e-03  -2.20681064e+04  -2.20677541e+04     18.06    126.856  0  0.000e+00  0.000e+00
  7150  2.0815e-03  2.7384e-03  1.3902e-04  2.7384e-03  -2.20705586e+04  -2.20766960e+04     17.57    127.289  0  0.000e+00  0.000e+00
  7175  2.0237e-03  2.7701e-03  2.8569e-04  2.7701e-03  -2.20670534e+04  -2.20796661e+04     17.50    127.727  0  0.000e+00  0.000e+00
  7200  2.0068e-03  2.7632e-03  1.0684e-04  2.7632e-03  -2.20670749e+04  -2.20717908e+04     17.96    128.168  0  0.000e+00  0.000e+00
  7225  2.0210e-03  2.7662e-03  7.5873e-05  2.7662e-03  -2.20706703e+04  -2.20740198e+04     17.49    128.606  0  0.000e+00  0.000e+00
  7250  2.1528e-03  2.7602e-03  3.1085e-04  2.7602e-03  -2.20683494e+04  -2.20820737e+04     17.68    129.046  0  0.000e+00  0.000e+00
  7275  2.1419e-03  2.7509e-03  1.8309e-04  2.7509e-03  -2.20677623e+04  -2.20758447e+04     17.97    129.487  0  0.000e+00  0.000e+00
  7300  2.0897e-03  2.7459e-03  4.4254e-05  2.7459e-03  -2.20690291e+04  -2.20709825e+04     17.51    129.932  0  0.000e+00  0.000e+00
  7325  1.9886e-03  2.7682e-03  2.3396e-04  2.7682e-03  -2.20708436e+04  -2.20811738e+04     17.27    130.371  0  0.000e+00  0.000e+00
  7350  1.9641e-03  2.7807e-03  2.2372e-04  2.7807e-03  -2.20674459e+04  -2.20773222e+04     17.50    130.820  0  0.000e+00  0.000e+00
  7375  2.0228e-03  2.7713e-03  1.0724e-04  2.7713e-03  -2.20695830e+04  -2.20743170e+04     17.50    131.258  0  0.000e+00  0.000e+00
  7400  2.0039e-03  2.7538e-03  1.3706e-04  2.7538e-03  -2.20691844e+04  -2.20752348e+04     17.77    131.698  0  0.000e+00  0.000e+00
  7425  1.9829e-03  2.7768e-03  1.9282e-04  2.7768e-03  -2.20695090e+04  -2.20780216e+04     18.19    132.142  0  0.000e+00  0.000e+00
  7450  1.9304e-03  2.7626e-03  1.3530e-04  2.7626e-03  -2.20686082e+04  -2.20745809e+04     18.50    132.581  0  0.000e+00  0.000e+00
  7475  1.9104e-03  2.7629e-03  7.3463e-05  2.7629e-03  -2.20699186e+04  -2.20731615e+04     17.19    133.029  0  0.000e+00  0.000e+00
  7500  1.9588e-03  2.7678e-03  1.6462e-04  2.7678e-03  -2.20699435e+04  -2.20772114e+04     17.16    133.470  0  0.000e+00  0.000e+00
  7525  2.0146e-03  2.7480e-03  1.2847e-04  2.7480e-03  -2.20692738e+04  -2.20749449e+04     17.11    133.904  0  0.000e+00  0.000e+00
  7550  2.0247e-03  2.7667e-03  1.7771e-04  2.7667e-03  -2.20710974e+04  -2.20789435e+04     17.22    134.344  0  0.000e+00  0.000e+00
  7575  2.0490e-03  2.7632e-03  2.6038e-04  2.7632e-03  -2.20694586e+04  -2.20809547e+04     17.43    134.785  0  0.000e+00  0.000e+00
  7600  2.1058e-03  2.7528e-03  1.6564e-04  2.7528e-03  -2.20693525e+04  -2.20766648e+04     18.42    135.232  0  0.000e+00  0.000e+00
  7625  2.0922e-03  2.7642e-03  1.8452e-04  2.7642e-03  -2.20712327e+04  -2.20793796e+04     18.10    135.676  0  0.000e+00  0.000e+00
  7650  2.0684e-03  2.7363e-03  2.9412e-04  2.7363e-03  -2.20697578e+04  -2.20827442e+04     17.30    136.122  0  0.000e+00  0.000e+00
  7675  2.0685e-03  2.7450e-03  2.1085e-04  2.7450e-03  -2.20702170e+04  -2.20795260e+04     17.98    136.567  0  0.000e+00  0.000e+00
  7700  2.1007e-03  2.7745e-03  2.6677e-04  2.7745e-03  -2.20714363e+04  -2.20832158e+04     18.66    137.006  0  0.000e+00  0.000e+00
  7725  2.0631e-03  2.7616e-03  4.2530e-04  2.7616e-03  -2.20704670e+04  -2.20892485e+04     17.70    137.446  0  0.000e+00  0.000e+00
  7750  2.0629e-03  2.7704e-03  3.1435e-04  2.7704e-03  -2.20688267e+04  -2.20827059e+04     17.97    137.882  0  0.000e+00  0.000e+00
  7775  2.1027e-03  2.7534e-03  2.2734e-04  2.7534e-03  -2.20714520e+04  -2.20814900e+04     17.85    138.324  0  0.000e+00  0.000e+00
  7800  2.1212e-03  2.7446e-03  3.0346e-04  2.7446e-03  -2.20699530e+04  -2.20833521e+04     17.76    138.763  0  0.000e+00  0.000e+00
  7825  2.0348e-03  2.7499e-03  1.3202e-04  2.7499e-03  -2.20692221e+04  -2.20750502e+04     17.17    139.209  0  0.000e+00  0.000e+00
  7850  2.0337e-03  2.7230e-03  6.9307e-05  2.7230e-03  -2.20715003e+04  -2.20745600e+04     17.42    139.651  0  0.000e+00  0.000e+00
  7875  2.0773e-03  2.7386e-03  1.5512e-04  2.7386e-03  -2.20715728e+04  -2.20784216e+04     17.70    140.094  0  0.000e+00  0.000e+00
  7900  2.1224e-03  2.7309e-03  2.0507e-04  2.7309e-03  -2.20712530e+04  -2.20803074e+04     17.64    140.530  0  0.000e+00  0.000e+00
  7925  2.1056e-03  2.7316e-03  2.7068e-04  2.7316e-03  -2.20709168e+04  -2.20828686e+04     18.06    140.973  0  0.000e+00  0.000e+00
  7950  2.0183e-03  2.7287e-03  2.6459e-04  2.7287e-03  -2.20714786e+04  -2.20831618e+04     17.89    141.413  0  0.000e+00  0.000e+00
  7975  1.9713e-03  2.7552e-03  3.0642e-04  2.7552e-03  -2.20715047e+04  -2.20850352e+04     17.42    141.851  0  0.000e+00  0.000e+00
  8000  2.0563e-03  2.7582e-03  2.7178e-04  2.7582e-03  -2.20713043e+04  -2.20833048e+04     17.42    142.292  0  0.000e+00  0.000e+00
  8025  2.1177e-03  2.7702e-03  3.0335e-04  2.7702e-03  -2.20713854e+04  -2.20847806e+04     17.57    142.733  0  0.000e+00  0.000e+00
  8050  2.0581e-03  2.7797e-03  3.4265e-04  2.7797e-03  -2.20709170e+04  -2.20860479e+04     17.14    143.177  0  0.000e+00  0.000e+00
  8075  2.0936e-03  2.7409e-03  2.6707e-04  2.7409e-03  -2.20705536e+04  -2.20823456e+04     17.61    143.621  0  0.000e+00  0.000e+00
  8100  2.1576e-03  2.7620e-03  2.2652e-04  2.7620e-03  -2.20716601e+04  -2.20816618e+04     18.22    144.069  0  0.000e+00  0.000e+00
  8125  2.2957e-03  2.7451e-03  1.9795e-04  2.7451e-03  -2.20720843e+04  -2.20808244e+04     17.18    144.510  0  0.000e+00  0.000e+00
  8150  2.2231e-03  2.7471e-03  2.4548e-04  2.7471e-03  -2.20715001e+04  -2.20823392e+04     17.14    144.950  0  0.000e+00  0.000e+00
  8175  2.1393e-03  2.7692e-03  2.7712e-04  2.7692e-03  -2.20720464e+04  -2.20842831e+04     17.29    145.388  0  0.000e+00  0.000e+00
  8200  2.1370e-03  2.7548e-03  2.9846e-04  2.7548e-03  -2.20708607e+04  -2.20840397e+04     17.51    145.821  0  0.000e+00  0.000e+00
  8225  2.1110e-03  2.7779e-03  2.5946e-04  2.7779e-03  -2.20721170e+04  -2.20835738e+04     17.33    146.261  0  0.000e+00  0.000e+00
  8250  2.1277e-03  2.7882e-03  2.9775e-04  2.7882e-03  -2.20719755e+04  -2.20851235e+04     17.28    146.701  0  0.000e+00  0.000e+00
  8275  2.1432e-03  2.7711e-03  4.6707e-04  2.7711e-03  -2.20729656e+04  -2.20935949e+04     18.00    147.138  0  0.000e+00  0.000e+00
  8300  2.2556e-03  2.7733e-03  5.7854e-04  2.7733e-03  -2.20713809e+04  -2.20969345e+04     17.46    147.574  0  0.000e+00  0.000e+00
  8325  2.3073e-03  2.7643e-03  3.0328e-04  2.7643e-03  -2.20694081e+04  -2.20827991e+04     17.60    148.009  0  0.000e+00  0.000e+00
  8350  2.2890e-03  2.7804e-03  2.4381e-04  2.7804e-03  -2.20744242e+04  -2.20851909e+04     18.62    148.456  0  0.000e+00  0.000e+00
  8375  2.2603e-03  2.7699e-03  3.9504e-04  2.7699e-03  -2.20711380e+04  -2.20885832e+04     17.23    148.896  0  0.000e+00  0.000e+00
  8400  2.2324e-03  2.7613e-03  1.8292e-04  2.7613e-03  -2.20703268e+04  -2.20784028e+04     17.34    149.333  0  0.000e+00  0.000e+00
  8425  2.2005e-03  2.7436e-03  1.5065e-04  2.7436e-03  -2.20743930e+04  -2.20810452e+04     17.82    149.768  0  0.000e+00  0.000e+00
  8450  2.1692e-03  2.7389e-03  3.9315e-04  2.7389e-03  -2.20732678e+04  -2.20906314e+04     17.98    150.205  0  0.000e+00  0.000e+00
  8475  2.1361e-03  2.7501e-03  4.6656e-04  2.7501e-03  -2.20717173e+04  -2.20923230e+04     17.71    150.644  0  0.000e+00  0.000e+00
  8500  2.2161e-03  2.7244e-03  3.1127e-04  2.7244e-03  -2.20715671e+04  -2.20853122e+04     17.92    151.083  0  0.000e+00  0.000e+00
  8525  2.1939e-03  2.6941e-03  3.3698e-04  2.6941e-03  -2.20729525e+04  -2.20878343e+04     17.48    151.517  0  0.000e+00  0.000e+00
  8550  2.2289e-03  2.7194e-03  3.6717e-04  2.7194e-03  -2.20721316e+04  -2.20883464e+04     17.15    151.953  0  0.000e+00  0.000e+00
  8575  2.1604e-03  2.6819e-03  2.8280e-04  2.6819e-03  -2.20713851e+04  -2.20838724e+04     17.05    152.392  0  0.000e+00  0.000e+00
  8600  2.1697e-03  2.6928e-03  2.9462e-04  2.6928e-03  -2.20741214e+04  -2.20871323e+04     16.99    152.828  0  0.000e+00  0.000e+00
  8625  2.1736e-03  2.6943e-03  3.8852e-04  2.6943e-03  -2.20727065e+04  -2.20898648e+04     17.46    153.272  0  0.000e+00  0.000e+00
  8650  2.1365e-03  2.6927e-03  4.0194e-04  2.6927e-03  -2.20732472e+04  -2.20909992e+04     17.41    153.712  0  0.000e+00  0.000e+00
  8675  2.1701e-03  2.7006e-03  3.8927e-04  2.7006e-03  -2.20722979e+04  -2.20894891e+04     17.15    154.142  0  0.000e+00  0.000e+00
  8700  2.1880e-03  2.6974e-03  4.2911e-04  2.6974e-03  -2.20740014e+04  -2.20929544e+04     18.47    154.576  0  0.000e+00  0.000e+00
  8725  2.1963e-03  2.6930e-03  5.5464e-04  2.6930e-03  -2.20740765e+04  -2.20985768e+04     17.52    155.018  0  0.000e+00  0.000e+00
  8750  2.2364e-03  2.6771e-03  5.4879e-04  2.6771e-03  -2.20717141e+04  -2.20959535e+04     17.09    155.459  0  0.000e+00  0.000e+00
  8775  2.2680e-03  2.6831e-03  5.2161e-04  2.6831e-03  -2.20735079e+04  -2.20965479e+04     17.12    155.899  0  0.000e+00  0.000e+00
  8800  2.1627e-03  2.7109e-03  5.7517e-04  2.7109e-03  -2.20733621e+04  -2.20987690e+04     17.34    156.330  0  0.000e+00  0.000e+00
  8825  2.0464e-03  2.7025e-03  6.0664e-04  2.7025e-03  -2.20727216e+04  -2.20995186e+04     17.62    156.765  0  0.000e+00  0.000e+00
  8850  2.0957e-03  2.7089e-03  4.6276e-04  2.7089e-03  -2.20721310e+04  -2.20925689e+04     17.45    157.203  0  0.000e+00  0.000e+00
  8875  2.1726e-03  2.7117e-03  4.4975e-04  2.7117e-03  -2.20746677e+04  -2.20945332e+04     17.70    157.642  0  0.000e+00  0.000e+00
  8900  2.1596e-03  2.7235e-03  6.2556e-04  2.7235e-03  -2.20734055e+04  -2.21010401e+04     17.74    158.082  0  0.000e+00  0.000e+00
  8925  2.2367e-03  2.7242e-03  5.4567e-04  2.7242e-03  -2.20712463e+04  -2.20953472e+04     17.79    158.527  0  0.000e+00  0.000e+00
  8950  2.3748e-03  2.7154e-03  3.0045e-04  2.7154e-03  -2.20732075e+04  -2.20864756e+04     17.11    158.970  0  0.000e+00  0.000e+00
  8975  2.3289e-03  2.7415e-03  4.5754e-04  2.7415e-03  -2.20745019e+04  -2.20947116e+04     17.01    159.412  0  0.000e+00  0.000e+00
  9000  2.2380e-03  2.7430e-03  4.8710e-04  2.7430e-03  -2.20724449e+04  -2.20939588e+04     17.11    159.848  0  0.000e+00  0.000e+00
  9025  2.2607e-03  2.7601e-03  2.8835e-04  2.7601e-03  -2.20727075e+04  -2.20854407e+04     17.79    160.284  0  0.000e+00  0.000e+00
  9050  2.3876e-03  2.7668e-03  3.7521e-04  2.7668e-03  -2.20753725e+04  -2.20919450e+04     17.56    160.723  0  0.000e+00  0.000e+00
  9075  2.3285e-03  2.7660e-03  4.5652e-04  2.7660e-03  -2.20734594e+04  -2.20936229e+04     17.51    161.161  0  0.000e+00  0.000e+00
  9100  2.1316e-03  2.7623e-03  3.7348e-04  2.7623e-03  -2.20726084e+04  -2.20891024e+04     17.44    161.599  0  0.000e+00  0.000e+00
  9125  2.1499e-03  2.7859e-03  3.1435e-04  2.7859e-03  -2.20750375e+04  -2.20889209e+04     17.56    162.037  0  0.000e+00  0.000e+00
  9150  2.3748e-03  2.7594e-03  4.3942e-04  2.7594e-03  -2.20750073e+04  -2.20944165e+04     17.01    162.483  0  0.000e+00  0.000e+00
  9175  2.5027e-03  2.7509e-03  6.8720e-04  2.7509e-03  -2.20739779e+04  -2.21043380e+04     17.27    162.924  0  0.000e+00  0.000e+00
  9200  2.3581e-03  2.7689e-03  5.1026e-04  2.7689e-03  -2.20721570e+04  -2.20946942e+04     17.14    163.359  0  0.000e+00  0.000e+00
  9225  2.2605e-03  2.7600e-03  4.9245e-04  2.7600e-03  -2.20746241e+04  -2.20963767e+04     17.77    163.792  0  0.000e+00  0.000e+00
  9250  2.3323e-03  2.7734e-03  6.6337e-04  2.7734e-03  -2.20755034e+04  -2.21048120e+04     17.35    164.234  0  0.000e+00  0.000e+00
  9275  2.3282e-03  2.7652e-03  6.1162e-04  2.7652e-03  -2.20720947e+04  -2.20991112e+04     17.10    164.671  0  0.000e+00  0.000e+00
  9300  2.3175e-03  2.7724e-03  4.8626e-04  2.7724e-03  -2.20743100e+04  -2.20957888e+04     18.12    165.108  0  0.000e+00  0.000e+00
  9325  2.3338e-03  2.7690e-03  6.3166e-04  2.7690e-03  -2.20756152e+04  -2.21035221e+04     17.04    165.554  0  0.000e+00  0.000e+00
  9350  2.3952e-03  2.7566e-03  6.4323e-04  2.7566e-03  -2.20721081e+04  -2.21005220e+04     17.78    166.000  0  0.000e+00  0.000e+00
  9375  2.3625e-03  2.7538e-03  4.3237e-04  2.7538e-03  -2.20741537e+04  -2.20932507e+04     17.72    166.438  0  0.000e+00  0.000e+00
  9400  2.3613e-03  2.7731e-03  5.1973e-04  2.7731e-03  -2.20768978e+04  -2.20998585e+04     17.21    166.874  0  0.000e+00  0.000e+00
  9425  2.4458e-03  2.7950e-03  7.8618e-04  2.7950e-03  -2.20736059e+04  -2.21083418e+04     17.17    167.306  0  0.000e+00  0.000e+00
  9450  2.4042e-03  2.7835e-03  6.0979e-04  2.7835e-03  -2.20730044e+04  -2.20999413e+04     17.03    167.745  0  0.000e+00  0.000e+00
  9475  2.3715e-03  2.8058e-03  5.4403e-04  2.8058e-03  -2.20754579e+04  -2.20994908e+04     17.35    168.176  0  0.000e+00  0.000e+00
  9500  2.5227e-03  2.7745e-03  7.0665e-04  2.7745e-03  -2.20745187e+04  -2.21057394e+04     18.14    168.615  0  0.000e+00  0.000e+00
  9525  2.5129e-03  2.7906e-03  6.3535e-04  2.7906e-03  -2.20729959e+04  -2.21010627e+04     17.50    169.055  0  0.000e+00  0.000e+00
  9550  2.3043e-03  2.7997e-03  5.0626e-04  2.7997e-03  -2.20744979e+04  -2.20968603e+04     17.54    169.489  0  0.000e+00  0.000e+00
  9575  2.3768e-03  2.8050e-03  5.3834e-04  2.8050e-03  -2.20758705e+04  -2.20996525e+04     17.93    169.930  0  0.000e+00  0.000e+00
  9600  2.5834e-03  2.7706e-03  6.6818e-04  2.7706e-03  -2.20746293e+04  -2.21041495e+04     17.00    170.361  0  0.000e+00  0.000e+00
  9625  2.5608e-03  2.7926e-03  6.6038e-04  2.7926e-03  -2.20743386e+04  -2.21035136e+04     16.98    170.817  0  0.000e+00  0.000e+00
  9650  2.4976e-03  2.8076e-03  6.3584e-04  2.8076e-03  -2.20743372e+04  -2.21024270e+04     17.17    171.255  0  0.000e+00  0.000e+00
  9675  2.5347e-03  2.8008e-03  7.5345e-04  2.8008e-03  -2.20758383e+04  -2.21091303e+04     17.59    171.693  0  0.000e+00  0.000e+00
  9700  2.4710e-03  2.8182e-03  7.2744e-04  2.8182e-03  -2.20732920e+04  -2.21054300e+04     17.28    172.138  0  0.000e+00  0.000e+00
  9725  2.3453e-03  2.8097e-03  5.8706e-04  2.8097e-03  -2.20751108e+04  -2.21010454e+04     17.05    172.572  0  0.000e+00  0.000e+00
  9750  2.5002e-03  2.8195e-03  6.6597e-04  2.8195e-03  -2.20751231e+04  -2.21045461e+04     17.47    173.017  0  0.000e+00  0.000e+00
  9775  2.7176e-03  2.7877e-03  7.5237e-04  2.7877e-03  -2.20749201e+04  -2.21081631e+04     17.94    173.461  0  0.000e+00  0.000e+00
  9800  2.6563e-03  2.7947e-03  7.5695e-04  2.7947e-03  -2.20744156e+04  -2.21078602e+04     18.43    173.899  0  0.000e+00  0.000e+00
  9825  2.5323e-03  2.8168e-03  7.4484e-04  2.8168e-03  -2.20754551e+04  -2.21083659e+04     18.05    174.337  0  0.000e+00  0.000e+00
  9850  2.5233e-03  2.8078e-03  7.7816e-04  2.8078e-03  -2.20746824e+04  -2.21090651e+04     17.11    174.773  0  0.000e+00  0.000e+00
  9875  2.4572e-03  2.8189e-03  6.8668e-04  2.8189e-03  -2.20737218e+04  -2.21040584e+04     17.17    175.206  0  0.000e+00  0.000e+00
  9900  2.5522e-03  2.8115e-03  5.9105e-04  2.8115e-03  -2.20749119e+04  -2.21010229e+04     17.43    175.648  0  0.000e+00  0.000e+00
  9925  2.6685e-03  2.7921e-03  5.5565e-04  2.7921e-03  -2.20746085e+04  -2.20991542e+04     17.47    176.090  0  0.000e+00  0.000e+00
  9950  2.6529e-03  2.8051e-03  5.5223e-04  2.8051e-03  -2.20742400e+04  -2.20986339e+04     18.50    176.531  0  0.000e+00  0.000e+00
  9975  2.5891e-03  2.8280e-03  4.9453e-04  2.8280e-03  -2.20757737e+04  -2.20976191e+04     17.48    176.968  0  0.000e+00  0.000e+00
 10000  2.7077e-03  2.8266e-03  5.8463e-04  2.8266e-03  -2.20758694e+04  -2.21016975e+04     17.42    177.404  0  0.000e+00  0.000e+00
# symmetry defect eps_sym = ||P-P^T||_F/||P||_F on 420 logged iterates (0 on the deflated path), symmetrize=1:
#   before symmetrization: all mean 0.000e+00 median 0.000e+00 max 0.000e+00 | deflated-path mean 0.000e+00 median 0.000e+00 max 0.000e+00
#   after  symmetrization: all mean 0.000e+00 median 0.000e+00 max 0.000e+00 | deflated-path mean 0.000e+00 median 0.000e+00 max 0.000e+00
# symmetrize=1: 4147.3 ms total (0.415 ms/it), included in proj time
# rank(X) at relative thresholds 1e-6 / 1e-4 / 1e-3 of lambda_max: 2228 / 56 / 56

FINAL problem=data/G55mc.sdp mode=baseline16 sigma=1 iters=10000 | pinf 2.708e-03 dinf 2.827e-03 gap 5.846e-04 eta 2.827e-03 | lmin(X) -1.752e-02 lmin(S) -2.016e-02 eta_full 2.827e-03 | rank(X) 2228/5000 | obj -2.20758694e+04 | proj 177.4 s (17.7 ms/it) wall 185.8 s | symmetrize 1 eps_raw_max 0.000e+00 eps_used_max 0.000e+00
