# max-cut SDP  problem=data/G55mc.sdp n=5000 m=5000 F0_nnz=17467  mode=deflated16 sigma=1 eta_tol=0 window=0.025 gamma=1.1 symmetrize=1  ||C||_F=2.094541e+02
# iter  pinf        dinf        gap         eta         obj_primal      obj_dual        proj_ms  cum_proj_s  deflated  eps_sym_raw  eps_sym_used
     1  1.3443e-01  4.9342e-01  4.4558e-01  4.9342e-01  -1.95510340e+04  -7.49800000e+03    142.95      0.143  0  0.000e+00  0.000e+00
     2  3.9003e-01  2.2535e-01  3.0736e-01  3.9003e-01  -2.57905366e+04  -1.36636211e+04     20.20      0.163  0  0.000e+00  0.000e+00
     3  3.8405e-01  1.4015e-01  2.2731e-01  3.8405e-01  -2.66268318e+04  -1.67634003e+04     20.08      0.183  0  0.000e+00  0.000e+00
     4  2.9144e-01  1.1387e-01  1.5453e-01  2.9144e-01  -2.53918384e+04  -1.85944037e+04     20.04      0.203  0  0.000e+00  0.000e+00
     5  1.8863e-01  9.8950e-02  9.5813e-02  1.8863e-01  -2.36858402e+04  -1.95437756e+04     20.04      0.223  0  0.000e+00  0.000e+00
     6  1.0508e-01  8.3217e-02  5.3390e-02  1.0508e-01  -2.21856829e+04  -1.99366948e+04     20.03      0.243  0  0.000e+00  0.000e+00
     7  4.8218e-02  6.7818e-02  2.6785e-02  6.7818e-02  -2.11122042e+04  -2.00107163e+04     20.04      0.263  0  0.000e+00  0.000e+00
     8  1.7997e-02  5.5425e-02  1.3526e-02  5.5425e-02  -2.04743085e+04  -1.99278046e+04     20.04      0.283  0  0.000e+00  0.000e+00
     9  1.3734e-02  4.6984e-02  1.0188e-02  4.6984e-02  -2.02004493e+04  -1.97929813e+04     20.06      0.303  0  0.000e+00  0.000e+00
    10  1.3754e-02  4.2075e-02  1.3054e-02  4.2075e-02  -2.01932850e+04  -1.96728509e+04     20.26      0.324  0  0.000e+00  0.000e+00
    11  9.0442e-03  3.9389e-02  1.8707e-02  3.9389e-02  -2.03516967e+04  -1.96042081e+04     20.19      0.344  0  0.000e+00  0.000e+00
    12  5.6185e-03  3.7556e-02  2.4628e-02  3.7556e-02  -2.05887849e+04  -1.95990271e+04     20.34      0.364  0  0.000e+00  0.000e+00
    13  1.1685e-02  3.5809e-02  2.9206e-02  3.5809e-02  -2.08360198e+04  -1.96534432e+04     20.73      0.385  0  0.000e+00  0.000e+00
    14  1.8441e-02  3.3993e-02  3.1703e-02  3.3993e-02  -2.10467071e+04  -1.97532123e+04     20.57      0.406  0  0.000e+00  0.000e+00
    15  2.2848e-02  3.2212e-02  3.2063e-02  3.2212e-02  -2.11964633e+04  -1.98794164e+04     20.63      0.426  0  0.000e+00  0.000e+00
    16  2.4496e-02  3.0591e-02  3.0670e-02  3.0670e-02  -2.12796450e+04  -2.00131494e+04     20.50      0.447  0  0.000e+00  0.000e+00
    17  2.3595e-02  2.9247e-02  2.8042e-02  2.9247e-02  -2.13017700e+04  -2.01396221e+04     20.26      0.467  0  0.000e+00  0.000e+00
    18  2.0861e-02  2.8071e-02  2.4833e-02  2.8071e-02  -2.12787715e+04  -2.02475135e+04     20.19      0.487  0  0.000e+00  0.000e+00
    19  1.7087e-02  2.7010e-02  2.1565e-02  2.7010e-02  -2.12281287e+04  -2.03318512e+04     20.30      0.507  0  0.000e+00  0.000e+00
    20  1.3025e-02  2.6004e-02  1.8652e-02  2.6004e-02  -2.11668234e+04  -2.03916643e+04     20.07      0.528  0  0.000e+00  0.000e+00
    25  2.7366e-03  2.1734e-02  1.3867e-02  2.1734e-02  -2.10413938e+04  -2.04657822e+04     20.37      0.628  0  0.000e+00  0.000e+00
    50  3.1122e-03  1.3236e-02  1.1100e-02  1.3236e-02  -2.13694086e+04  -2.09001943e+04     20.12      1.136  0  0.000e+00  0.000e+00
    75  1.9282e-03  9.9836e-03  8.5355e-03  9.9836e-03  -2.14775856e+04  -2.11140348e+04     20.23      1.642  0  0.000e+00  0.000e+00
   100  1.5957e-03  8.2218e-03  7.3432e-03  8.2218e-03  -2.15509365e+04  -2.12367299e+04     20.41      2.150  0  0.000e+00  0.000e+00
   125  1.5220e-03  7.0587e-03  6.5228e-03  7.0587e-03  -2.16068559e+04  -2.13267996e+04     20.05      2.655  0  0.000e+00  0.000e+00
   150  1.4581e-03  6.2591e-03  6.0418e-03  6.2591e-03  -2.16488777e+04  -2.13888445e+04     20.15      3.159  0  0.000e+00  0.000e+00
   175  1.3996e-03  5.6537e-03  5.6835e-03  5.6835e-03  -2.16848478e+04  -2.14397433e+04     20.82      3.666  0  0.000e+00  0.000e+00
   200  1.3890e-03  5.1983e-03  5.2943e-03  5.2943e-03  -2.17096933e+04  -2.14810246e+04     20.08      4.172  0  0.000e+00  0.000e+00
   225  1.3296e-03  4.8334e-03  4.9647e-03  4.9647e-03  -2.17304829e+04  -2.15157730e+04     20.41      4.681  0  0.000e+00  0.000e+00
# gate it=250 k=250 kw=125 s1=6.203e+01 s_kw/s1=2.669e-01 fired=0 clipped_neg=0 clipped_pos=0 fired_frac_last250=0.000
   250  1.3772e-03  4.5087e-03  4.6566e-03  4.6566e-03  -2.17516072e+04  -2.15499641e+04     20.14      5.185  0  0.000e+00  0.000e+00
   275  1.3671e-03  4.2807e-03  4.5361e-03  4.5361e-03  -2.17715141e+04  -2.15748856e+04     20.06      5.691  0  0.000e+00  0.000e+00
   300  1.4129e-03  4.0761e-03  4.3407e-03  4.3407e-03  -2.17864533e+04  -2.15981277e+04     20.59      6.200  0  0.000e+00  0.000e+00
   325  1.4620e-03  3.8974e-03  4.1941e-03  4.1941e-03  -2.17994683e+04  -2.16173701e+04     20.06      6.705  0  0.000e+00  0.000e+00
   350  1.4677e-03  3.7771e-03  4.1036e-03  4.1036e-03  -2.18117691e+04  -2.16334844e+04     20.19      7.210  0  0.000e+00  0.000e+00
   375  1.4625e-03  3.6230e-03  3.8855e-03  3.8855e-03  -2.18202831e+04  -2.16513710e+04     20.41      7.717  0  0.000e+00  0.000e+00
   400  1.5002e-03  3.5535e-03  3.6963e-03  3.6963e-03  -2.18304430e+04  -2.16696484e+04     20.08      8.222  0  0.000e+00  0.000e+00
   425  1.5691e-03  3.4920e-03  3.6673e-03  3.6673e-03  -2.18418534e+04  -2.16822324e+04     20.32      8.728  0  0.000e+00  0.000e+00
   450  1.1227e-03  2.7195e-03  3.4913e-03  3.4913e-03  -2.18472181e+04  -2.16951935e+04     20.72      9.239  124  0.000e+00  0.000e+00
   475  7.9044e-04  2.5813e-03  3.3678e-03  3.3678e-03  -2.18568108e+04  -2.17100810e+04     20.67      9.761  120  0.000e+00  0.000e+00
# gate it=500 k=250 kw=125 s1=9.139e+01 s_kw/s1=6.653e-02 fired=1 clipped_neg=117 clipped_pos=0 fired_frac_last250=0.228
# deflate it=500 alpha=1.273e+01 theta=9.139e+00 clipped_neg=117 clipped_pos=0
   500  6.5702e-04  2.5217e-03  3.4196e-03  3.4196e-03  -2.18622780e+04  -2.17132620e+04     20.74     10.284  117  0.000e+00  0.000e+00
   525  6.6279e-04  2.4321e-03  3.3092e-03  3.3092e-03  -2.18692676e+04  -2.17250041e+04     20.80     10.806  114  0.000e+00  0.000e+00
   550  6.5346e-04  2.3584e-03  3.1886e-03  3.1886e-03  -2.18744520e+04  -2.17353927e+04     20.92     11.333  112  0.000e+00  0.000e+00
   575  6.6575e-04  2.2784e-03  3.1893e-03  3.1893e-03  -2.18824093e+04  -2.17432723e+04     20.79     11.857  109  0.000e+00  0.000e+00
   600  6.3107e-04  2.2114e-03  3.0854e-03  3.0854e-03  -2.18857801e+04  -2.17511418e+04     20.93     12.382  106  0.000e+00  0.000e+00
   625  6.4028e-04  2.1649e-03  3.0967e-03  3.0967e-03  -2.18921669e+04  -2.17569965e+04     21.28     12.905  102  0.000e+00  0.000e+00
   650  6.3647e-04  2.0999e-03  2.9546e-03  2.9546e-03  -2.18949829e+04  -2.17659789e+04     20.83     13.428  100  0.000e+00  0.000e+00
   675  6.5061e-04  2.0541e-03  2.9660e-03  2.9660e-03  -2.19024888e+04  -2.17729450e+04     20.70     13.953  98  0.000e+00  0.000e+00
   700  6.5338e-04  1.9862e-03  2.8932e-03  2.8932e-03  -2.19055789e+04  -2.17791851e+04     20.74     14.475  96  0.000e+00  0.000e+00
   725  6.6068e-04  1.9486e-03  2.8915e-03  2.8915e-03  -2.19105121e+04  -2.17841659e+04     20.72     14.996  95  0.000e+00  0.000e+00
# gate it=750 k=250 kw=125 s1=1.141e+02 s_kw/s1=4.646e-02 fired=1 clipped_neg=94 clipped_pos=0 fired_frac_last250=1.000
# deflate it=750 alpha=1.498e+01 theta=1.141e+01 clipped_neg=94 clipped_pos=0
   750  6.3108e-04  1.8986e-03  2.8971e-03  2.8971e-03  -2.19132820e+04  -2.17866739e+04     21.50     15.523  94  0.000e+00  0.000e+00
   775  6.1782e-04  1.8717e-03  2.7563e-03  2.7563e-03  -2.19163184e+04  -2.17958300e+04     20.74     16.047  92  0.000e+00  0.000e+00
   800  6.6317e-04  1.8327e-03  2.7966e-03  2.7966e-03  -2.19215390e+04  -2.17992682e+04     20.76     16.569  89  0.000e+00  0.000e+00
   825  6.4594e-04  1.7768e-03  2.7282e-03  2.7282e-03  -2.19242664e+04  -2.18049596e+04     21.13     17.091  88  0.000e+00  0.000e+00
   850  6.6284e-04  1.7373e-03  2.5261e-03  2.5261e-03  -2.19270034e+04  -2.18165015e+04     21.47     17.616  87  0.000e+00  0.000e+00
   875  6.8018e-04  1.6976e-03  2.6919e-03  2.6919e-03  -2.19334869e+04  -2.18157145e+04     20.78     18.139  85  0.000e+00  0.000e+00
   900  6.6260e-04  1.6690e-03  2.5381e-03  2.5381e-03  -2.19322923e+04  -2.18212395e+04     20.72     18.661  85  0.000e+00  0.000e+00
   925  6.4810e-04  1.6477e-03  2.5258e-03  2.5258e-03  -2.19362599e+04  -2.18257236e+04     20.71     19.183  83  0.000e+00  0.000e+00
   950  6.5503e-04  1.5867e-03  2.4758e-03  2.4758e-03  -2.19405648e+04  -2.18321897e+04     21.12     19.707  82  0.000e+00  0.000e+00
   975  6.5856e-04  1.5816e-03  2.4992e-03  2.4992e-03  -2.19407640e+04  -2.18313648e+04     21.18     20.232  81  0.000e+00  0.000e+00
# gate it=1000 k=250 kw=125 s1=1.333e+02 s_kw/s1=3.899e-02 fired=1 clipped_neg=80 clipped_pos=0 fired_frac_last250=1.000
# deflate it=1000 alpha=1.806e+01 theta=1.333e+01 clipped_neg=80 clipped_pos=0
  1000  6.3315e-04  1.5606e-03  2.4382e-03  2.4382e-03  -2.19447312e+04  -2.18379791e+04     20.76     20.756  80  0.000e+00  0.000e+00
  1025  6.5637e-04  1.5202e-03  2.4959e-03  2.4959e-03  -2.19486657e+04  -2.18393737e+04     20.72     21.278  78  0.000e+00  0.000e+00
  1050  6.4858e-04  1.5000e-03  2.3360e-03  2.3360e-03  -2.19475605e+04  -2.18452579e+04     21.24     21.803  77  0.000e+00  0.000e+00
  1075  6.7421e-04  1.4569e-03  2.3979e-03  2.3979e-03  -2.19535715e+04  -2.18485361e+04     21.05     22.329  76  0.000e+00  0.000e+00
  1100  6.4913e-04  1.4591e-03  2.2932e-03  2.2932e-03  -2.19512287e+04  -2.18507803e+04     20.77     22.852  74  0.000e+00  0.000e+00
  1125  6.6461e-04  1.4342e-03  2.3692e-03  2.3692e-03  -2.19584437e+04  -2.18546402e+04     20.73     23.375  74  0.000e+00  0.000e+00
  1150  6.5053e-04  1.4204e-03  2.3489e-03  2.3489e-03  -2.19577584e+04  -2.18548443e+04     21.17     23.900  73  0.000e+00  0.000e+00
  1175  6.6779e-04  1.3833e-03  2.2755e-03  2.2755e-03  -2.19616830e+04  -2.18619618e+04     21.07     24.423  72  0.000e+00  0.000e+00
  1200  6.3495e-04  1.3824e-03  2.2923e-03  2.2923e-03  -2.19605304e+04  -2.18600780e+04     20.76     24.949  71  0.000e+00  0.000e+00
  1225  6.8492e-04  1.3400e-03  2.1774e-03  2.1774e-03  -2.19658424e+04  -2.18703902e+04     20.98     25.473  71  0.000e+00  0.000e+00
# gate it=1250 k=250 kw=125 s1=1.503e+02 s_kw/s1=3.418e-02 fired=1 clipped_neg=70 clipped_pos=0 fired_frac_last250=1.000
# deflate it=1250 alpha=2.046e+01 theta=1.503e+01 clipped_neg=70 clipped_pos=0
  1250  6.6427e-04  1.3202e-03  2.2209e-03  2.2209e-03  -2.19640392e+04  -2.18666913e+04     21.04     25.996  70  0.000e+00  0.000e+00
  1275  6.3622e-04  1.3135e-03  2.1323e-03  2.1323e-03  -2.19682402e+04  -2.18747498e+04     20.92     26.520  70  0.000e+00  0.000e+00
  1300  6.8487e-04  1.2940e-03  2.2135e-03  2.2135e-03  -2.19699209e+04  -2.18728748e+04     20.74     27.044  68  0.000e+00  0.000e+00
  1325  6.5247e-04  1.2779e-03  2.1945e-03  2.1945e-03  -2.19720063e+04  -2.18757810e+04     20.73     27.569  67  0.000e+00  0.000e+00
  1350  6.5404e-04  1.2529e-03  2.1143e-03  2.1143e-03  -2.19724678e+04  -2.18797472e+04     21.52     28.094  67  0.000e+00  0.000e+00
  1375  6.6270e-04  1.2283e-03  2.0598e-03  2.0598e-03  -2.19747821e+04  -2.18844379e+04     20.79     28.618  67  0.000e+00  0.000e+00
  1400  6.4440e-04  1.2167e-03  2.1121e-03  2.1121e-03  -2.19760596e+04  -2.18834234e+04     20.71     29.140  66  0.000e+00  0.000e+00
  1425  6.3488e-04  1.1942e-03  1.9917e-03  1.9917e-03  -2.19777216e+04  -2.18903477e+04     20.83     29.663  66  0.000e+00  0.000e+00
  1450  6.4030e-04  1.1752e-03  2.0194e-03  2.0194e-03  -2.19789050e+04  -2.18903113e+04     21.18     30.188  65  0.000e+00  0.000e+00
  1475  6.3327e-04  1.1609e-03  1.8479e-03  1.8479e-03  -2.19798642e+04  -2.18987798e+04     20.93     30.711  65  0.000e+00  0.000e+00
# gate it=1500 k=250 kw=125 s1=1.654e+02 s_kw/s1=3.078e-02 fired=1 clipped_neg=64 clipped_pos=0 fired_frac_last250=1.000
# deflate it=1500 alpha=2.372e+01 theta=1.654e+01 clipped_neg=64 clipped_pos=0
  1500  6.2070e-04  1.1580e-03  2.0178e-03  2.0178e-03  -2.19812422e+04  -2.18927118e+04     20.73     31.237  64  0.000e+00  0.000e+00
  1525  6.5085e-04  1.1359e-03  1.9353e-03  1.9353e-03  -2.19833964e+04  -2.18984701e+04     21.17     31.761  63  0.000e+00  0.000e+00
  1550  6.4775e-04  1.1284e-03  1.9126e-03  1.9126e-03  -2.19833209e+04  -2.18993910e+04     21.20     32.285  63  0.000e+00  0.000e+00
  1575  6.5371e-04  1.1151e-03  1.9239e-03  1.9239e-03  -2.19868808e+04  -2.19024391e+04     20.84     32.809  63  0.000e+00  0.000e+00
  1600  6.3969e-04  1.1170e-03  1.8951e-03  1.8951e-03  -2.19847029e+04  -2.19015330e+04     20.73     33.332  62  0.000e+00  0.000e+00
  1625  6.5020e-04  1.1120e-03  1.9470e-03  1.9470e-03  -2.19896780e+04  -2.19042143e+04     21.31     33.856  62  0.000e+00  0.000e+00
  1650  6.4235e-04  1.0786e-03  1.8338e-03  1.8338e-03  -2.19873743e+04  -2.19068812e+04     21.18     34.380  61  0.000e+00  0.000e+00
  1675  6.4509e-04  1.0889e-03  1.8764e-03  1.8764e-03  -2.19910287e+04  -2.19086549e+04     20.84     34.902  60  0.000e+00  0.000e+00
  1700  6.2199e-04  1.0787e-03  1.8487e-03  1.8487e-03  -2.19907065e+04  -2.19095464e+04     20.73     35.426  59  0.000e+00  0.000e+00
  1725  6.6037e-04  1.0815e-03  1.9485e-03  1.9485e-03  -2.19931505e+04  -2.19076067e+04     20.73     35.948  58  0.000e+00  0.000e+00
# gate it=1750 k=250 kw=125 s1=1.792e+02 s_kw/s1=2.834e-02 fired=1 clipped_neg=58 clipped_pos=0 fired_frac_last250=1.000
# deflate it=1750 alpha=2.423e+01 theta=1.792e+01 clipped_neg=58 clipped_pos=0
  1750  6.7060e-04  1.0656e-03  1.6078e-03  1.6078e-03  -2.19916801e+04  -2.19210747e+04     20.74     36.471  58  0.000e+00  0.000e+00
  1775  6.8295e-04  1.0455e-03  1.8934e-03  1.8934e-03  -2.19947233e+04  -2.19115913e+04     21.10     36.995  57  0.000e+00  0.000e+00
  1800  6.4722e-04  1.0220e-03  1.6380e-03  1.6380e-03  -2.19939903e+04  -2.19220551e+04     20.91     37.516  57  0.000e+00  0.000e+00
  1825  6.5069e-04  1.0203e-03  1.8797e-03  1.8797e-03  -2.19968652e+04  -2.19143229e+04     20.73     38.040  57  0.000e+00  0.000e+00
  1850  6.5346e-04  1.0298e-03  1.7603e-03  1.7603e-03  -2.19979392e+04  -2.19206256e+04     20.75     38.562  56  0.000e+00  0.000e+00
  1875  6.4178e-04  1.0102e-03  1.8497e-03  1.8497e-03  -2.19987899e+04  -2.19175577e+04     21.17     39.087  55  0.000e+00  0.000e+00
  1900  6.3140e-04  1.0179e-03  1.6842e-03  1.6842e-03  -2.19987713e+04  -2.19247936e+04     20.76     39.608  55  0.000e+00  0.000e+00
  1925  6.5467e-04  1.0007e-03  1.8297e-03  1.8297e-03  -2.20005027e+04  -2.19201398e+04     20.96     40.131  55  0.000e+00  0.000e+00
  1950  6.7411e-04  9.8275e-04  1.6797e-03  1.6797e-03  -2.20018029e+04  -2.19280130e+04     20.74     40.653  55  0.000e+00  0.000e+00
  1975  6.6473e-04  9.9088e-04  1.7919e-03  1.7919e-03  -2.20010075e+04  -2.19223011e+04     20.74     41.176  54  0.000e+00  0.000e+00
# gate it=2000 k=250 kw=125 s1=1.919e+02 s_kw/s1=2.635e-02 fired=1 clipped_neg=54 clipped_pos=0 fired_frac_last250=1.000
# deflate it=2000 alpha=2.311e+01 theta=1.919e+01 clipped_neg=54 clipped_pos=0
  2000  6.6854e-04  9.9223e-04  1.7596e-03  1.7596e-03  -2.20039953e+04  -2.19266921e+04     21.21     41.701  54  0.000e+00  0.000e+00
  2025  6.5193e-04  9.7294e-04  1.6714e-03  1.6714e-03  -2.20032276e+04  -2.19297976e+04     21.25     42.225  53  0.000e+00  0.000e+00
  2050  6.7398e-04  9.7337e-04  1.7090e-03  1.7090e-03  -2.20053935e+04  -2.19303051e+04     20.73     42.749  52  0.000e+00  0.000e+00
  2075  6.5962e-04  9.6542e-04  1.6548e-03  1.6548e-03  -2.20048969e+04  -2.19321898e+04     20.74     43.270  52  0.000e+00  0.000e+00
  2100  6.6544e-04  9.4491e-04  1.7338e-03  1.7338e-03  -2.20066081e+04  -2.19304282e+04     20.75     43.794  52  0.000e+00  0.000e+00
  2125  6.7360e-04  9.4803e-04  1.6964e-03  1.6964e-03  -2.20072752e+04  -2.19327337e+04     20.81     44.319  52  0.000e+00  0.000e+00
  2150  6.6287e-04  9.3523e-04  1.7213e-03  1.7213e-03  -2.20091612e+04  -2.19335188e+04     21.00     44.842  52  0.000e+00  0.000e+00
  2175  6.7440e-04  9.3083e-04  1.6378e-03  1.6378e-03  -2.20081457e+04  -2.19361711e+04     20.76     45.366  52  0.000e+00  0.000e+00
  2200  6.7484e-04  9.2160e-04  1.7367e-03  1.7367e-03  -2.20101938e+04  -2.19338739e+04     21.03     45.891  51  0.000e+00  0.000e+00
  2225  6.7337e-04  9.1349e-04  1.5713e-03  1.5713e-03  -2.20103072e+04  -2.19412429e+04     20.81     46.421  51  0.000e+00  0.000e+00
# gate it=2250 k=250 kw=125 s1=2.037e+02 s_kw/s1=2.470e-02 fired=1 clipped_neg=51 clipped_pos=0 fired_frac_last250=1.000
# deflate it=2250 alpha=1.869e+01 theta=2.037e+01 clipped_neg=51 clipped_pos=0
  2250  6.8278e-04  9.0325e-04  1.6737e-03  1.6737e-03  -2.20114469e+04  -2.19378892e+04     20.77     46.945  51  0.000e+00  0.000e+00
  2275  6.9144e-04  8.9593e-04  1.5643e-03  1.5643e-03  -2.20120220e+04  -2.19432602e+04     20.81     47.470  51  0.000e+00  0.000e+00
  2300  7.0353e-04  9.0239e-04  1.6362e-03  1.6362e-03  -2.20117531e+04  -2.19398396e+04     20.94     47.992  50  0.000e+00  0.000e+00
  2325  7.0511e-04  8.8882e-04  1.5679e-03  1.5679e-03  -2.20147168e+04  -2.19457907e+04     20.77     48.516  50  0.000e+00  0.000e+00
  2350  7.0492e-04  8.7641e-04  1.4556e-03  1.4556e-03  -2.20129193e+04  -2.19489275e+04     20.70     49.039  50  0.000e+00  0.000e+00
  2375  7.1981e-04  8.6291e-04  1.6078e-03  1.6078e-03  -2.20147838e+04  -2.19441045e+04     21.41     49.564  49  0.000e+00  0.000e+00
  2400  6.9488e-04  8.5270e-04  1.3902e-03  1.3902e-03  -2.20153931e+04  -2.19542641e+04     21.43     50.086  49  0.000e+00  0.000e+00
  2425  7.2156e-04  8.5499e-04  1.5221e-03  1.5221e-03  -2.20144391e+04  -2.19475245e+04     20.87     50.612  49  0.000e+00  0.000e+00
  2450  7.0274e-04  8.5127e-04  1.5185e-03  1.5185e-03  -2.20175835e+04  -2.19508171e+04     20.81     51.135  49  0.000e+00  0.000e+00
  2475  7.1635e-04  8.4230e-04  1.4694e-03  1.4694e-03  -2.20160630e+04  -2.19514573e+04     21.22     51.660  49  0.000e+00  0.000e+00
# gate it=2500 k=250 kw=125 s1=2.146e+02 s_kw/s1=2.340e-02 fired=1 clipped_neg=48 clipped_pos=0 fired_frac_last250=1.000
# deflate it=2500 alpha=2.363e+01 theta=2.146e+01 clipped_neg=48 clipped_pos=0
  2500  7.2399e-04  8.6916e-04  1.5723e-03  1.5723e-03  -2.20186298e+04  -2.19494951e+04     20.92     52.183  48  0.000e+00  0.000e+00
  2525  7.1864e-04  8.3011e-04  1.3904e-03  1.3904e-03  -2.20183069e+04  -2.19571631e+04     20.79     52.706  48  0.000e+00  0.000e+00
  2550  7.2163e-04  8.3315e-04  1.4419e-03  1.4419e-03  -2.20187731e+04  -2.19553642e+04     20.74     53.229  48  0.000e+00  0.000e+00
  2575  7.1633e-04  8.2324e-04  1.4071e-03  1.4071e-03  -2.20193821e+04  -2.19574997e+04     21.26     53.753  48  0.000e+00  0.000e+00
  2600  7.2772e-04  8.1684e-04  1.4419e-03  1.4419e-03  -2.20195887e+04  -2.19561783e+04     20.89     54.279  48  0.000e+00  0.000e+00
  2625  7.2804e-04  8.1159e-04  1.4313e-03  1.4313e-03  -2.20205758e+04  -2.19576284e+04     20.81     54.801  48  0.000e+00  0.000e+00
  2650  7.3199e-04  8.2420e-04  1.4446e-03  1.4446e-03  -2.20204729e+04  -2.19569413e+04     20.74     55.322  47  0.000e+00  0.000e+00
  2675  7.5293e-04  8.0208e-04  1.4779e-03  1.4779e-03  -2.20223521e+04  -2.19573537e+04     21.10     55.848  47  0.000e+00  0.000e+00
  2700  7.3496e-04  7.8850e-04  1.3360e-03  1.3360e-03  -2.20217132e+04  -2.19629464e+04     21.61     56.372  47  0.000e+00  0.000e+00
  2725  7.5348e-04  7.8634e-04  1.4427e-03  1.4427e-03  -2.20231556e+04  -2.19597023e+04     20.94     56.895  47  0.000e+00  0.000e+00
# gate it=2750 k=250 kw=125 s1=2.248e+02 s_kw/s1=2.231e-02 fired=1 clipped_neg=46 clipped_pos=0 fired_frac_last250=1.000
# deflate it=2750 alpha=3.453e+01 theta=2.248e+01 clipped_neg=46 clipped_pos=0
  2750  7.6058e-04  7.8592e-04  1.2933e-03  1.2933e-03  -2.20235202e+04  -2.19666282e+04     20.70     57.417  46  0.000e+00  0.000e+00
  2775  7.3506e-04  7.8919e-04  1.3176e-03  1.3176e-03  -2.20236690e+04  -2.19657065e+04     20.74     57.940  46  0.000e+00  0.000e+00
  2800  7.7028e-04  7.8554e-04  1.2990e-03  1.2990e-03  -2.20240472e+04  -2.19669014e+04     21.61     58.466  46  0.000e+00  0.000e+00
  2825  7.6791e-04  7.6530e-04  1.3216e-03  1.3216e-03  -2.20244926e+04  -2.19663532e+04     20.81     58.991  46  0.000e+00  0.000e+00
  2850  7.7225e-04  8.1575e-04  1.3345e-03  1.3345e-03  -2.20251538e+04  -2.19664441e+04     20.78     59.513  45  0.000e+00  0.000e+00
  2875  7.5705e-04  7.6584e-04  1.3229e-03  1.3229e-03  -2.20254720e+04  -2.19672714e+04     20.81     60.038  45  0.000e+00  0.000e+00
  2900  7.7057e-04  7.6791e-04  1.3506e-03  1.3506e-03  -2.20260585e+04  -2.19666423e+04     21.39     60.563  45  0.000e+00  0.000e+00
  2925  7.6432e-04  7.6366e-04  1.3361e-03  1.3361e-03  -2.20266140e+04  -2.19678327e+04     20.82     61.086  45  0.000e+00  0.000e+00
  2950  7.4796e-04  7.9455e-04  1.3510e-03  1.3510e-03  -2.20267271e+04  -2.19672883e+04     20.69     61.607  45  0.000e+00  0.000e+00
  2975  7.8209e-04  7.5967e-04  1.3036e-03  1.3036e-03  -2.20285753e+04  -2.19712175e+04     20.74     62.130  44  0.000e+00  0.000e+00
# gate it=3000 k=250 kw=125 s1=2.344e+02 s_kw/s1=2.136e-02 fired=1 clipped_neg=44 clipped_pos=0 fired_frac_last250=1.000
# deflate it=3000 alpha=3.504e+01 theta=2.344e+01 clipped_neg=44 clipped_pos=0
  3000  7.6269e-04  7.7208e-04  1.2647e-03  1.2647e-03  -2.20267947e+04  -2.19711471e+04     20.84     62.652  44  0.000e+00  0.000e+00
  3025  7.7769e-04  7.4897e-04  1.3350e-03  1.3350e-03  -2.20286135e+04  -2.19698724e+04     21.09     63.177  44  0.000e+00  0.000e+00
  3050  7.5753e-04  7.4649e-04  1.2867e-03  1.2867e-03  -2.20286372e+04  -2.19720201e+04     20.75     63.697  44  0.000e+00  0.000e+00
  3075  7.4097e-04  7.4205e-04  1.3128e-03  1.3128e-03  -2.20286254e+04  -2.19708607e+04     20.78     64.221  44  0.000e+00  0.000e+00
  3100  7.6633e-04  7.4676e-04  1.3219e-03  1.3219e-03  -2.20300331e+04  -2.19718674e+04     20.70     64.745  44  0.000e+00  0.000e+00
  3125  7.6375e-04  7.5199e-04  1.2393e-03  1.2393e-03  -2.20304924e+04  -2.19759554e+04     20.83     65.266  44  0.000e+00  0.000e+00
  3150  7.7161e-04  7.7461e-04  1.2903e-03  1.2903e-03  -2.20296110e+04  -2.19728318e+04     20.80     65.790  43  0.000e+00  0.000e+00
  3175  7.6779e-04  7.5976e-04  1.2996e-03  1.2996e-03  -2.20316121e+04  -2.19744214e+04     21.16     66.312  43  0.000e+00  0.000e+00
  3200  7.7015e-04  7.3452e-04  1.2463e-03  1.2463e-03  -2.20306497e+04  -2.19758024e+04     20.80     66.837  43  0.000e+00  0.000e+00
  3225  7.9042e-04  7.3918e-04  1.3237e-03  1.3237e-03  -2.20317487e+04  -2.19734963e+04     20.74     67.361  43  0.000e+00  0.000e+00
# gate it=3250 k=250 kw=125 s1=2.435e+02 s_kw/s1=2.051e-02 fired=1 clipped_neg=43 clipped_pos=0 fired_frac_last250=1.000
# deflate it=3250 alpha=3.441e+01 theta=2.435e+01 clipped_neg=43 clipped_pos=0
  3250  7.8514e-04  7.1659e-04  1.1867e-03  1.1867e-03  -2.20329757e+04  -2.19807423e+04     21.05     67.883  43  0.000e+00  0.000e+00
  3275  7.8119e-04  7.3698e-04  1.2593e-03  1.2593e-03  -2.20314593e+04  -2.19760404e+04     21.19     68.406  42  0.000e+00  0.000e+00
  3300  7.8373e-04  7.2318e-04  1.2834e-03  1.2834e-03  -2.20335614e+04  -2.19770772e+04     20.78     68.930  42  0.000e+00  0.000e+00
  3325  7.7029e-04  7.2418e-04  1.2133e-03  1.2133e-03  -2.20329973e+04  -2.19795937e+04     20.71     69.453  42  0.000e+00  0.000e+00
  3350  7.9561e-04  7.0397e-04  1.2878e-03  1.2878e-03  -2.20345552e+04  -2.19778734e+04     20.79     69.975  42  0.000e+00  0.000e+00
  3375  7.8770e-04  7.2312e-04  1.1484e-03  1.1484e-03  -2.20344049e+04  -2.19838548e+04     20.83     70.497  42  0.000e+00  0.000e+00
  3400  7.9588e-04  7.3112e-04  1.2261e-03  1.2261e-03  -2.20333437e+04  -2.19793804e+04     21.44     71.021  41  0.000e+00  0.000e+00
  3425  7.8977e-04  7.1118e-04  1.2284e-03  1.2284e-03  -2.20355389e+04  -2.19814669e+04     20.88     71.543  41  0.000e+00  0.000e+00
  3450  7.8419e-04  7.0906e-04  1.2026e-03  1.2026e-03  -2.20349867e+04  -2.19820505e+04     20.70     72.066  41  0.000e+00  0.000e+00
  3475  7.8328e-04  7.0382e-04  1.2459e-03  1.2459e-03  -2.20353166e+04  -2.19804745e+04     20.76     72.590  41  0.000e+00  0.000e+00
# gate it=3500 k=250 kw=125 s1=2.521e+02 s_kw/s1=1.976e-02 fired=1 clipped_neg=41 clipped_pos=0 fired_frac_last250=1.000
# deflate it=3500 alpha=3.540e+01 theta=2.521e+01 clipped_neg=41 clipped_pos=0
  3500  7.9057e-04  7.1613e-04  1.2123e-03  1.2123e-03  -2.20359536e+04  -2.19825874e+04     20.79     73.111  41  0.000e+00  0.000e+00
  3525  7.9433e-04  7.0948e-04  1.2460e-03  1.2460e-03  -2.20362197e+04  -2.19813720e+04     21.54     73.636  41  0.000e+00  0.000e+00
  3550  7.7863e-04  7.1852e-04  1.2702e-03  1.2702e-03  -2.20371227e+04  -2.19812115e+04     20.81     74.160  40  0.000e+00  0.000e+00
  3575  7.8247e-04  7.0363e-04  1.1853e-03  1.1853e-03  -2.20383585e+04  -2.19861742e+04     20.86     74.686  40  0.000e+00  0.000e+00
  3600  7.8232e-04  7.6122e-04  1.1573e-03  1.1573e-03  -2.20365467e+04  -2.19855970e+04     21.47     75.211  40  0.000e+00  0.000e+00
  3625  7.8645e-04  7.0031e-04  1.2485e-03  1.2485e-03  -2.20382018e+04  -2.19832399e+04     20.80     75.735  40  0.000e+00  0.000e+00
  3650  7.7852e-04  6.8853e-04  1.1795e-03  1.1795e-03  -2.20385214e+04  -2.19865907e+04     20.71     76.257  40  0.000e+00  0.000e+00
  3675  7.8717e-04  7.1156e-04  1.2173e-03  1.2173e-03  -2.20381016e+04  -2.19845103e+04     20.65     76.777  39  0.000e+00  0.000e+00
  3700  7.9385e-04  7.1065e-04  1.2235e-03  1.2235e-03  -2.20393698e+04  -2.19855060e+04     20.74     77.298  39  0.000e+00  0.000e+00
  3725  7.8845e-04  6.8446e-04  1.1750e-03  1.1750e-03  -2.20394071e+04  -2.19876729e+04     21.18     77.825  39  0.000e+00  0.000e+00
# gate it=3750 k=250 kw=125 s1=2.604e+02 s_kw/s1=1.913e-02 fired=1 clipped_neg=39 clipped_pos=0 fired_frac_last250=1.000
# deflate it=3750 alpha=3.281e+01 theta=2.604e+01 clipped_neg=39 clipped_pos=0
  3750  7.7932e-04  7.5589e-04  1.1375e-03  1.1375e-03  -2.20395253e+04  -2.19894413e+04     20.94     78.347  39  0.000e+00  0.000e+00
  3775  7.8264e-04  6.8505e-04  1.1670e-03  1.1670e-03  -2.20391313e+04  -2.19877507e+04     20.77     78.870  39  0.000e+00  0.000e+00
  3800  7.8881e-04  6.8431e-04  1.1848e-03  1.1848e-03  -2.20406417e+04  -2.19884768e+04     20.74     79.391  39  0.000e+00  0.000e+00
  3825  7.8513e-04  6.9326e-04  1.1650e-03  1.1650e-03  -2.20404299e+04  -2.19891350e+04     20.89     79.915  39  0.000e+00  0.000e+00
  3850  7.8655e-04  6.7904e-04  1.1727e-03  1.1727e-03  -2.20411147e+04  -2.19894776e+04     21.27     80.439  39  0.000e+00  0.000e+00
  3875  8.0462e-04  7.1071e-04  1.0681e-03  1.0681e-03  -2.20408531e+04  -2.19938176e+04     20.99     80.960  39  0.000e+00  0.000e+00
  3900  7.8641e-04  6.7647e-04  1.1469e-03  1.1469e-03  -2.20404815e+04  -2.19899809e+04     20.77     81.486  39  0.000e+00  0.000e+00
  3925  7.9354e-04  7.1320e-04  1.1374e-03  1.1374e-03  -2.20418468e+04  -2.19917634e+04     20.71     82.008  39  0.000e+00  0.000e+00
  3950  7.7543e-04  6.5823e-04  1.1107e-03  1.1107e-03  -2.20416520e+04  -2.19927431e+04     21.35     82.532  39  0.000e+00  0.000e+00
  3975  7.8961e-04  6.6180e-04  1.1292e-03  1.1292e-03  -2.20415947e+04  -2.19918696e+04     20.98     83.060  39  0.000e+00  0.000e+00
# gate it=4000 k=250 kw=125 s1=2.682e+02 s_kw/s1=1.855e-02 fired=1 clipped_neg=39 clipped_pos=0 fired_frac_last250=1.000
# deflate it=4000 alpha=1.984e+01 theta=2.682e+01 clipped_neg=39 clipped_pos=0
  4000  7.8756e-04  6.5498e-04  1.1596e-03  1.1596e-03  -2.20428226e+04  -2.19917567e+04     20.75     83.585  39  0.000e+00  0.000e+00
  4025  7.8485e-04  6.7753e-04  1.1182e-03  1.1182e-03  -2.20428289e+04  -2.19935869e+04     20.80     84.106  39  0.000e+00  0.000e+00
  4050  8.0149e-04  6.6295e-04  1.0693e-03  1.0693e-03  -2.20430095e+04  -2.19959165e+04     21.34     84.630  39  0.000e+00  0.000e+00
  4075  7.8973e-04  6.5542e-04  1.0744e-03  1.0744e-03  -2.20426170e+04  -2.19953018e+04     20.88     85.155  38  0.000e+00  0.000e+00
  4100  7.8679e-04  6.5450e-04  1.1357e-03  1.1357e-03  -2.20441266e+04  -2.19941110e+04     20.74     85.679  38  0.000e+00  0.000e+00
  4125  7.9779e-04  6.4983e-04  1.0594e-03  1.0594e-03  -2.20435870e+04  -2.19969298e+04     21.06     86.202  38  0.000e+00  0.000e+00
  4150  7.7742e-04  6.5990e-04  1.1284e-03  1.1284e-03  -2.20442531e+04  -2.19945588e+04     21.17     86.725  38  0.000e+00  0.000e+00
  4175  7.8979e-04  6.4646e-04  1.1126e-03  1.1126e-03  -2.20449982e+04  -2.19959961e+04     20.98     87.249  38  0.000e+00  0.000e+00
  4200  7.8354e-04  6.5913e-04  1.0967e-03  1.0967e-03  -2.20444192e+04  -2.19961192e+04     20.80     87.768  38  0.000e+00  0.000e+00
  4225  7.7814e-04  6.5064e-04  1.1182e-03  1.1182e-03  -2.20451811e+04  -2.19959326e+04     20.89     88.289  38  0.000e+00  0.000e+00
# gate it=4250 k=250 kw=125 s1=2.756e+02 s_kw/s1=1.802e-02 fired=1 clipped_neg=37 clipped_pos=0 fired_frac_last250=1.000
# deflate it=4250 alpha=4.279e+01 theta=2.756e+01 clipped_neg=37 clipped_pos=0
  4250  8.1380e-04  6.6086e-04  1.1221e-03  1.1221e-03  -2.20451889e+04  -2.19957706e+04     20.78     88.811  37  0.000e+00  0.000e+00
  4275  7.8312e-04  6.4537e-04  1.1255e-03  1.1255e-03  -2.20454376e+04  -2.19958661e+04     20.72     89.332  37  0.000e+00  0.000e+00
  4300  8.1240e-04  6.5256e-04  1.1190e-03  1.1190e-03  -2.20464173e+04  -2.19971328e+04     21.09     89.855  37  0.000e+00  0.000e+00
  4325  7.9733e-04  6.9804e-04  1.0300e-03  1.0300e-03  -2.20461985e+04  -2.20008284e+04     21.21     90.383  37  0.000e+00  0.000e+00
  4350  7.8754e-04  6.4262e-04  1.0738e-03  1.0738e-03  -2.20455719e+04  -2.19982757e+04     20.69     90.905  37  0.000e+00  0.000e+00
  4375  7.9272e-04  6.3031e-04  1.0883e-03  1.0883e-03  -2.20469049e+04  -2.19989703e+04     20.72     91.427  37  0.000e+00  0.000e+00
  4400  7.9782e-04  6.4806e-04  1.0528e-03  1.0528e-03  -2.20468116e+04  -2.20004375e+04     21.19     91.952  37  0.000e+00  0.000e+00
  4425  8.0441e-04  6.2817e-04  1.0902e-03  1.0902e-03  -2.20469393e+04  -2.19989186e+04     21.09     92.474  37  0.000e+00  0.000e+00
  4450  8.0595e-04  6.4938e-04  1.0973e-03  1.0973e-03  -2.20475711e+04  -2.19992392e+04     20.83     92.998  37  0.000e+00  0.000e+00
  4475  8.0097e-04  6.3068e-04  1.0612e-03  1.0612e-03  -2.20473423e+04  -2.20005966e+04     20.73     93.521  37  0.000e+00  0.000e+00
# gate it=4500 k=250 kw=125 s1=2.828e+02 s_kw/s1=1.756e-02 fired=1 clipped_neg=37 clipped_pos=0 fired_frac_last250=1.000
# deflate it=4500 alpha=3.366e+01 theta=2.828e+01 clipped_neg=37 clipped_pos=0
  4500  8.0165e-04  6.1803e-04  1.0574e-03  1.0574e-03  -2.20485163e+04  -2.20019359e+04     20.96     94.045  37  0.000e+00  0.000e+00
  4525  7.8652e-04  6.0997e-04  9.9058e-04  9.9058e-04  -2.20474217e+04  -2.20037845e+04     20.81     94.568  37  0.000e+00  0.000e+00
  4550  7.8971e-04  6.2658e-04  1.0619e-03  1.0619e-03  -2.20481512e+04  -2.20013747e+04     21.03     95.090  36  0.000e+00  0.000e+00
  4575  7.9482e-04  6.2615e-04  1.0291e-03  1.0291e-03  -2.20485496e+04  -2.20032134e+04     20.74     95.612  36  0.000e+00  0.000e+00
  4600  8.0141e-04  6.3200e-04  1.0176e-03  1.0176e-03  -2.20483477e+04  -2.20035179e+04     20.72     96.132  36  0.000e+00  0.000e+00
  4625  7.8905e-04  6.1293e-04  1.0509e-03  1.0509e-03  -2.20488604e+04  -2.20025650e+04     20.72     96.653  36  0.000e+00  0.000e+00
  4650  7.9889e-04  6.9818e-04  1.0365e-03  1.0365e-03  -2.20490020e+04  -2.20033412e+04     20.70     97.177  35  0.000e+00  0.000e+00
  4675  7.9035e-04  6.3433e-04  1.0211e-03  1.0211e-03  -2.20497108e+04  -2.20047256e+04     20.79     97.699  35  0.000e+00  0.000e+00
  4700  7.9746e-04  6.3656e-04  9.5403e-04  9.5403e-04  -2.20494790e+04  -2.20074466e+04     21.23     98.220  35  0.000e+00  0.000e+00
  4725  8.0926e-04  6.1835e-04  9.9923e-04  9.9923e-04  -2.20489775e+04  -2.20049566e+04     21.33     98.742  35  0.000e+00  0.000e+00
# gate it=4750 k=250 kw=125 s1=2.896e+02 s_kw/s1=1.711e-02 fired=1 clipped_neg=35 clipped_pos=0 fired_frac_last250=1.000
# deflate it=4750 alpha=4.192e+01 theta=2.896e+01 clipped_neg=35 clipped_pos=0
  4750  8.0085e-04  6.3360e-04  1.0075e-03  1.0075e-03  -2.20503094e+04  -2.20059224e+04     20.80     99.267  35  0.000e+00  0.000e+00
  4775  7.9367e-04  6.1397e-04  9.4686e-04  9.4686e-04  -2.20493336e+04  -2.20076170e+04     20.69     99.790  35  0.000e+00  0.000e+00
  4800  8.2950e-04  6.7615e-04  1.0077e-03  1.0077e-03  -2.20496360e+04  -2.20052406e+04     21.29    100.317  35  0.000e+00  0.000e+00
  4825  8.1031e-04  6.1134e-04  9.9406e-04  9.9406e-04  -2.20511698e+04  -2.20073722e+04     20.99    100.839  35  0.000e+00  0.000e+00
  4850  7.9688e-04  6.0776e-04  1.0020e-03  1.0020e-03  -2.20505916e+04  -2.20064473e+04     20.82    101.362  35  0.000e+00  0.000e+00
  4875  8.2037e-04  5.9859e-04  1.0037e-03  1.0037e-03  -2.20515690e+04  -2.20073445e+04     20.68    101.885  35  0.000e+00  0.000e+00
  4900  8.1627e-04  5.9798e-04  8.8464e-04  8.8464e-04  -2.20510117e+04  -2.20120310e+04     21.10    102.411  35  0.000e+00  0.000e+00
  4925  8.0580e-04  6.0461e-04  9.8423e-04  9.8423e-04  -2.20508212e+04  -2.20074568e+04     21.08    102.934  35  0.000e+00  0.000e+00
  4950  8.1481e-04  6.0705e-04  9.7738e-04  9.7738e-04  -2.20521665e+04  -2.20091010e+04     20.78    103.456  35  0.000e+00  0.000e+00
  4975  8.0641e-04  5.9907e-04  9.0428e-04  9.0428e-04  -2.20514441e+04  -2.20115977e+04     20.73    103.982  35  0.000e+00  0.000e+00
# gate it=5000 k=250 kw=125 s1=2.960e+02 s_kw/s1=1.672e-02 fired=1 clipped_neg=34 clipped_pos=0 fired_frac_last250=1.000
# deflate it=5000 alpha=4.626e+01 theta=2.960e+01 clipped_neg=34 clipped_pos=0
  5000  8.1081e-04  5.9776e-04  9.9309e-04  9.9309e-04  -2.20515460e+04  -2.20077900e+04     20.80    104.505  34  0.000e+00  0.000e+00
  5025  8.0421e-04  6.0289e-04  9.5411e-04  9.5411e-04  -2.20524229e+04  -2.20103812e+04     21.32    105.028  34  0.000e+00  0.000e+00
  5050  8.1140e-04  5.8905e-04  8.4664e-04  8.4664e-04  -2.20522510e+04  -2.20149410e+04     20.86    105.550  34  0.000e+00  0.000e+00
  5075  8.0883e-04  6.1183e-04  8.9952e-04  8.9952e-04  -2.20513853e+04  -2.20117485e+04     20.74    106.074  34  0.000e+00  0.000e+00
  5100  8.0439e-04  5.9640e-04  9.3952e-04  9.3952e-04  -2.20529460e+04  -2.20115457e+04     20.82    106.598  34  0.000e+00  0.000e+00
  5125  7.8322e-04  6.5872e-04  8.4438e-04  8.4438e-04  -2.20522608e+04  -2.20150505e+04     20.82    107.119  34  0.000e+00  0.000e+00
  5150  8.1567e-04  5.9041e-04  9.2211e-04  9.2211e-04  -2.20524821e+04  -2.20118489e+04     21.08    107.645  34  0.000e+00  0.000e+00
  5175  8.0464e-04  6.5620e-04  9.2960e-04  9.2960e-04  -2.20534733e+04  -2.20125085e+04     20.80    108.166  34  0.000e+00  0.000e+00
  5200  8.2224e-04  5.8584e-04  8.8541e-04  8.8541e-04  -2.20531841e+04  -2.20141655e+04     20.75    108.687  34  0.000e+00  0.000e+00
  5225  8.0871e-04  5.9265e-04  9.1335e-04  9.1335e-04  -2.20530954e+04  -2.20128469e+04     20.77    109.210  34  0.000e+00  0.000e+00
# gate it=5250 k=250 kw=125 s1=3.022e+02 s_kw/s1=1.638e-02 fired=1 clipped_neg=34 clipped_pos=0 fired_frac_last250=1.000
# deflate it=5250 alpha=3.887e+01 theta=3.022e+01 clipped_neg=34 clipped_pos=0
  5250  8.1578e-04  5.7231e-04  9.3707e-04  9.3707e-04  -2.20537662e+04  -2.20124722e+04     21.20    109.732  34  0.000e+00  0.000e+00
  5275  8.0522e-04  6.5757e-04  8.7639e-04  8.7639e-04  -2.20533500e+04  -2.20147284e+04     21.21    110.259  34  0.000e+00  0.000e+00
  5300  7.9794e-04  5.7557e-04  9.2480e-04  9.2480e-04  -2.20536497e+04  -2.20128960e+04     20.86    110.783  34  0.000e+00  0.000e+00
  5325  7.9865e-04  5.7199e-04  9.2684e-04  9.2684e-04  -2.20539408e+04  -2.20130967e+04     20.72    111.308  34  0.000e+00  0.000e+00
  5350  7.9872e-04  6.1599e-04  8.8943e-04  8.8943e-04  -2.20539967e+04  -2.20147996e+04     20.73    111.827  34  0.000e+00  0.000e+00
  5375  8.0330e-04  6.1011e-04  9.2432e-04  9.2432e-04  -2.20540133e+04  -2.20132798e+04     21.15    112.349  34  0.000e+00  0.000e+00
  5400  8.0201e-04  6.1609e-04  9.3526e-04  9.3526e-04  -2.20548619e+04  -2.20136455e+04     20.85    112.871  34  0.000e+00  0.000e+00
  5425  7.8679e-04  5.7827e-04  9.0139e-04  9.0139e-04  -2.20544039e+04  -2.20146797e+04     20.93    113.395  34  0.000e+00  0.000e+00
  5450  7.9082e-04  5.5935e-04  9.3034e-04  9.3034e-04  -2.20549085e+04  -2.20139087e+04     20.73    113.916  34  0.000e+00  0.000e+00
  5475  8.1375e-04  5.6667e-04  8.9834e-04  8.9834e-04  -2.20544549e+04  -2.20148648e+04     20.95    114.441  34  0.000e+00  0.000e+00
# gate it=5500 k=250 kw=125 s1=3.082e+02 s_kw/s1=1.605e-02 fired=1 clipped_neg=33 clipped_pos=0 fired_frac_last250=1.000
# deflate it=5500 alpha=3.623e+01 theta=3.082e+01 clipped_neg=33 clipped_pos=0
  5500  8.0166e-04  5.9293e-04  9.3241e-04  9.3241e-04  -2.20549822e+04  -2.20138909e+04     21.66    114.965  33  0.000e+00  0.000e+00
  5525  8.0400e-04  5.9685e-04  9.1636e-04  9.1636e-04  -2.20553808e+04  -2.20149957e+04     20.80    115.487  33  0.000e+00  0.000e+00
  5550  8.0859e-04  5.9930e-04  9.1546e-04  9.1546e-04  -2.20551299e+04  -2.20147846e+04     20.81    116.011  33  0.000e+00  0.000e+00
  5575  8.0650e-04  6.6827e-04  8.6998e-04  8.6998e-04  -2.20563462e+04  -2.20180017e+04     20.71    116.532  33  0.000e+00  0.000e+00
  5600  8.2633e-04  5.9362e-04  8.4599e-04  8.4599e-04  -2.20555994e+04  -2.20183126e+04     21.11    117.059  33  0.000e+00  0.000e+00
  5625  8.0643e-04  5.7509e-04  9.0209e-04  9.0209e-04  -2.20558757e+04  -2.20161180e+04     21.34    117.583  33  0.000e+00  0.000e+00
  5650  8.1102e-04  5.6712e-04  8.8587e-04  8.8587e-04  -2.20564203e+04  -2.20173756e+04     20.72    118.106  33  0.000e+00  0.000e+00
  5675  8.0239e-04  5.8217e-04  8.6762e-04  8.6762e-04  -2.20560651e+04  -2.20178248e+04     20.70    118.629  33  0.000e+00  0.000e+00
  5700  8.1215e-04  5.9350e-04  8.7182e-04  8.7182e-04  -2.20559441e+04  -2.20175193e+04     21.37    119.156  33  0.000e+00  0.000e+00
  5725  8.0609e-04  6.0796e-04  8.7179e-04  8.7179e-04  -2.20564672e+04  -2.20180425e+04     21.35    119.677  33  0.000e+00  0.000e+00
# gate it=5750 k=250 kw=125 s1=3.139e+02 s_kw/s1=1.574e-02 fired=1 clipped_neg=33 clipped_pos=0 fired_frac_last250=1.000
# deflate it=5750 alpha=3.031e+01 theta=3.139e+01 clipped_neg=33 clipped_pos=0
  5750  8.0701e-04  6.2388e-04  8.6690e-04  8.6690e-04  -2.20560264e+04  -2.20178177e+04     20.84    120.202  33  0.000e+00  0.000e+00
  5775  8.1198e-04  5.6006e-04  8.7491e-04  8.7491e-04  -2.20568179e+04  -2.20182550e+04     20.81    120.726  33  0.000e+00  0.000e+00
  5800  8.1012e-04  5.5200e-04  8.8020e-04  8.8020e-04  -2.20567522e+04  -2.20179568e+04     21.09    121.250  33  0.000e+00  0.000e+00
  5825  8.0026e-04  5.9221e-04  8.8141e-04  8.8141e-04  -2.20571625e+04  -2.20183131e+04     20.92    121.773  32  0.000e+00  0.000e+00
  5850  8.0962e-04  5.8606e-04  8.6937e-04  8.6937e-04  -2.20568643e+04  -2.20185456e+04     20.81    122.295  32  0.000e+00  0.000e+00
  5875  8.0364e-04  5.8526e-04  8.8336e-04  8.8336e-04  -2.20571421e+04  -2.20182069e+04     20.74    122.816  32  0.000e+00  0.000e+00
  5900  7.9475e-04  5.7685e-04  8.3121e-04  8.3121e-04  -2.20581987e+04  -2.20215583e+04     20.73    123.337  32  0.000e+00  0.000e+00
  5925  8.0325e-04  5.7346e-04  7.9757e-04  8.0325e-04  -2.20569803e+04  -2.20218235e+04     20.72    123.859  32  0.000e+00  0.000e+00
  5950  8.1621e-04  5.8899e-04  8.5604e-04  8.5604e-04  -2.20575285e+04  -2.20197954e+04     21.12    124.382  32  0.000e+00  0.000e+00
  5975  8.0692e-04  5.7439e-04  8.2337e-04  8.2337e-04  -2.20582869e+04  -2.20219918e+04     21.14    124.906  32  0.000e+00  0.000e+00
# gate it=6000 k=250 kw=125 s1=3.194e+02 s_kw/s1=1.547e-02 fired=1 clipped_neg=32 clipped_pos=0 fired_frac_last250=1.000
# deflate it=6000 alpha=3.437e+01 theta=3.194e+01 clipped_neg=32 clipped_pos=0
  6000  7.9990e-04  5.5308e-04  8.0786e-04  8.0786e-04  -2.20573725e+04  -2.20217619e+04     20.79    125.430  32  0.000e+00  0.000e+00
  6025  8.1975e-04  5.8478e-04  8.4877e-04  8.4877e-04  -2.20581425e+04  -2.20207288e+04     20.70    125.954  32  0.000e+00  0.000e+00
  6050  8.0145e-04  5.4403e-04  8.2314e-04  8.2314e-04  -2.20583064e+04  -2.20220215e+04     20.81    126.477  32  0.000e+00  0.000e+00
  6075  7.9588e-04  5.9780e-04  8.3054e-04  8.3054e-04  -2.20578720e+04  -2.20212617e+04     21.06    126.999  32  0.000e+00  0.000e+00
  6100  8.0940e-04  5.5915e-04  8.4010e-04  8.4010e-04  -2.20583759e+04  -2.20213436e+04     21.12    127.522  32  0.000e+00  0.000e+00
  6125  8.0817e-04  6.0695e-04  8.3832e-04  8.3832e-04  -2.20584423e+04  -2.20214884e+04     20.73    128.047  32  0.000e+00  0.000e+00
  6150  7.7901e-04  5.4092e-04  8.3402e-04  8.3402e-04  -2.20589097e+04  -2.20221442e+04     21.22    128.572  32  0.000e+00  0.000e+00
  6175  8.0962e-04  5.7767e-04  8.2921e-04  8.2921e-04  -2.20585409e+04  -2.20219882e+04     20.97    129.094  32  0.000e+00  0.000e+00
  6200  8.1481e-04  5.4337e-04  8.5582e-04  8.5582e-04  -2.20591527e+04  -2.20214268e+04     21.49    129.618  32  0.000e+00  0.000e+00
  6225  7.8980e-04  5.4766e-04  8.4200e-04  8.4200e-04  -2.20591791e+04  -2.20220620e+04     20.72    130.140  32  0.000e+00  0.000e+00
# gate it=6250 k=250 kw=125 s1=3.248e+02 s_kw/s1=1.519e-02 fired=1 clipped_neg=32 clipped_pos=0 fired_frac_last250=1.000
# deflate it=6250 alpha=3.288e+01 theta=3.248e+01 clipped_neg=32 clipped_pos=0
  6250  8.1640e-04  5.5754e-04  8.2046e-04  8.2046e-04  -2.20587056e+04  -2.20225380e+04     20.70    130.662  32  0.000e+00  0.000e+00
  6275  8.1075e-04  5.6090e-04  8.5021e-04  8.5021e-04  -2.20593550e+04  -2.20218757e+04     20.83    131.186  32  0.000e+00  0.000e+00
  6300  8.0892e-04  5.6075e-04  8.4403e-04  8.4403e-04  -2.20594482e+04  -2.20222411e+04     21.31    131.709  32  0.000e+00  0.000e+00
  6325  8.0180e-04  5.3088e-04  8.1495e-04  8.1495e-04  -2.20594617e+04  -2.20235352e+04     20.83    132.232  32  0.000e+00  0.000e+00
  6350  8.0856e-04  5.6100e-04  7.8421e-04  8.0856e-04  -2.20596805e+04  -2.20251082e+04     20.81    132.755  32  0.000e+00  0.000e+00
  6375  8.0104e-04  5.4626e-04  7.7566e-04  8.0104e-04  -2.20594366e+04  -2.20252410e+04     20.97    133.280  32  0.000e+00  0.000e+00
  6400  8.0278e-04  6.0167e-04  7.9767e-04  8.0278e-04  -2.20596529e+04  -2.20244877e+04     20.70    133.801  32  0.000e+00  0.000e+00
  6425  8.0622e-04  5.4819e-04  7.8413e-04  8.0622e-04  -2.20600944e+04  -2.20255248e+04     21.35    134.325  32  0.000e+00  0.000e+00
  6450  8.0581e-04  5.2512e-04  7.8039e-04  8.0581e-04  -2.20597405e+04  -2.20253360e+04     20.92    134.847  32  0.000e+00  0.000e+00
  6475  7.9885e-04  5.2840e-04  7.9137e-04  7.9885e-04  -2.20598989e+04  -2.20250107e+04     20.72    135.372  32  0.000e+00  0.000e+00
# gate it=6500 k=250 kw=125 s1=3.300e+02 s_kw/s1=1.495e-02 fired=1 clipped_neg=31 clipped_pos=0 fired_frac_last250=1.000
# deflate it=6500 alpha=4.802e+01 theta=3.300e+01 clipped_neg=31 clipped_pos=0
  6500  7.9013e-04  5.3986e-04  7.6748e-04  7.9013e-04  -2.20600683e+04  -2.20262320e+04     20.74    135.894  31  0.000e+00  0.000e+00
  6525  7.8594e-04  5.5889e-04  7.7523e-04  7.8594e-04  -2.20598926e+04  -2.20257151e+04     21.32    136.418  31  0.000e+00  0.000e+00
  6550  8.2715e-04  6.2490e-04  7.5272e-04  8.2715e-04  -2.20610843e+04  -2.20278968e+04     20.91    136.957  31  0.000e+00  0.000e+00
  6575  7.9679e-04  5.2524e-04  6.9909e-04  7.9679e-04  -2.20599147e+04  -2.20290917e+04     20.96    137.480  31  0.000e+00  0.000e+00
  6600  8.1843e-04  5.4960e-04  7.7788e-04  8.1843e-04  -2.20604140e+04  -2.20261191e+04     20.80    138.003  31  0.000e+00  0.000e+00
  6625  8.2111e-04  5.3814e-04  7.4071e-04  8.2111e-04  -2.20610319e+04  -2.20283735e+04     20.75    138.526  31  0.000e+00  0.000e+00
  6650  8.0166e-04  5.2564e-04  7.0766e-04  8.0166e-04  -2.20601793e+04  -2.20289787e+04     20.74    139.048  31  0.000e+00  0.000e+00
  6675  8.1383e-04  5.4318e-04  7.5856e-04  8.1383e-04  -2.20605761e+04  -2.20271320e+04     21.49    139.571  31  0.000e+00  0.000e+00
  6700  7.9520e-04  5.4543e-04  7.5356e-04  7.9520e-04  -2.20613464e+04  -2.20281218e+04     20.99    140.101  31  0.000e+00  0.000e+00
  6725  8.0253e-04  5.2917e-04  7.2787e-04  8.0253e-04  -2.20610773e+04  -2.20289848e+04     21.26    140.626  31  0.000e+00  0.000e+00
# gate it=6750 k=250 kw=125 s1=3.349e+02 s_kw/s1=1.474e-02 fired=1 clipped_neg=31 clipped_pos=0 fired_frac_last250=1.000
# deflate it=6750 alpha=4.511e+01 theta=3.349e+01 clipped_neg=31 clipped_pos=0
  6750  8.0295e-04  5.5914e-04  7.4640e-04  8.0295e-04  -2.20608637e+04  -2.20279550e+04     21.24    141.151  31  0.000e+00  0.000e+00
  6775  7.9658e-04  5.2424e-04  7.5765e-04  7.9658e-04  -2.20614951e+04  -2.20280898e+04     20.86    141.673  31  0.000e+00  0.000e+00
  6800  8.0096e-04  5.3630e-04  7.1727e-04  8.0096e-04  -2.20611372e+04  -2.20295114e+04     20.71    142.197  31  0.000e+00  0.000e+00
  6825  8.0418e-04  5.6145e-04  7.4984e-04  8.0418e-04  -2.20613423e+04  -2.20282813e+04     20.96    142.720  30  0.000e+00  0.000e+00
  6850  7.9689e-04  5.5700e-04  7.4731e-04  7.9689e-04  -2.20616813e+04  -2.20287313e+04     20.71    143.243  30  0.000e+00  0.000e+00
  6875  7.9165e-04  5.9948e-04  7.3970e-04  7.9165e-04  -2.20614467e+04  -2.20288322e+04     21.60    143.766  30  0.000e+00  0.000e+00
  6900  8.0869e-04  5.3737e-04  7.4777e-04  8.0869e-04  -2.20615547e+04  -2.20285847e+04     20.76    144.288  30  0.000e+00  0.000e+00
  6925  8.0260e-04  5.6065e-04  7.3903e-04  8.0260e-04  -2.20617742e+04  -2.20291890e+04     20.78    144.812  30  0.000e+00  0.000e+00
  6950  8.0230e-04  5.5818e-04  7.4126e-04  8.0230e-04  -2.20617287e+04  -2.20290454e+04     20.71    145.333  30  0.000e+00  0.000e+00
  6975  7.8656e-04  5.5357e-04  7.3847e-04  7.8656e-04  -2.20619430e+04  -2.20293820e+04     20.74    145.854  30  0.000e+00  0.000e+00
# gate it=7000 k=250 kw=125 s1=3.396e+02 s_kw/s1=1.452e-02 fired=1 clipped_neg=30 clipped_pos=0 fired_frac_last250=1.000
# deflate it=7000 alpha=4.409e+01 theta=3.396e+01 clipped_neg=30 clipped_pos=0
  7000  8.1976e-04  5.4851e-04  7.4342e-04  8.1976e-04  -2.20619100e+04  -2.20291310e+04     21.15    146.378  30  0.000e+00  0.000e+00
  7025  8.0874e-04  6.0473e-04  7.5139e-04  8.0874e-04  -2.20624628e+04  -2.20293321e+04     20.80    146.902  30  0.000e+00  0.000e+00
  7050  8.0862e-04  5.4547e-04  7.3333e-04  8.0862e-04  -2.20617016e+04  -2.20293677e+04     20.74    147.425  30  0.000e+00  0.000e+00
  7075  8.0803e-04  6.1825e-04  7.4547e-04  8.0803e-04  -2.20622243e+04  -2.20293547e+04     20.75    147.947  30  0.000e+00  0.000e+00
  7100  8.1657e-04  6.1699e-04  7.2700e-04  8.1657e-04  -2.20619290e+04  -2.20298737e+04     21.17    148.469  30  0.000e+00  0.000e+00
  7125  7.9456e-04  5.4832e-04  7.4243e-04  7.9456e-04  -2.20621877e+04  -2.20294521e+04     20.88    148.992  30  0.000e+00  0.000e+00
  7150  7.9277e-04  5.2924e-04  7.5017e-04  7.9277e-04  -2.20627002e+04  -2.20296229e+04     20.88    149.517  30  0.000e+00  0.000e+00
  7175  8.1576e-04  5.2057e-04  7.3348e-04  8.1576e-04  -2.20623269e+04  -2.20299852e+04     20.78    150.042  30  0.000e+00  0.000e+00
  7200  8.1710e-04  5.5933e-04  7.4800e-04  8.1710e-04  -2.20630000e+04  -2.20300179e+04     21.25    150.567  29  0.000e+00  0.000e+00
  7225  8.0286e-04  5.5479e-04  7.2829e-04  8.0286e-04  -2.20623948e+04  -2.20302818e+04     20.86    151.092  29  0.000e+00  0.000e+00
# gate it=7250 k=250 kw=125 s1=3.443e+02 s_kw/s1=1.433e-02 fired=1 clipped_neg=29 clipped_pos=0 fired_frac_last250=1.000
# deflate it=7250 alpha=5.186e+01 theta=3.443e+01 clipped_neg=29 clipped_pos=0
  7250  8.0354e-04  6.3610e-04  7.4601e-04  8.0354e-04  -2.20624200e+04  -2.20295261e+04     20.77    151.615  29  0.000e+00  0.000e+00
  7275  7.9753e-04  5.5747e-04  7.4251e-04  7.9753e-04  -2.20631450e+04  -2.20304041e+04     20.70    152.137  29  0.000e+00  0.000e+00
  7300  8.0026e-04  5.4720e-04  6.6504e-04  8.0026e-04  -2.20627716e+04  -2.20334453e+04     21.31    152.661  29  0.000e+00  0.000e+00
  7325  8.0848e-04  5.3411e-04  7.0283e-04  8.0848e-04  -2.20622340e+04  -2.20312432e+04     20.76    153.183  29  0.000e+00  0.000e+00
  7350  7.9882e-04  5.5134e-04  7.1650e-04  7.9882e-04  -2.20633905e+04  -2.20317956e+04     21.21    153.706  29  0.000e+00  0.000e+00
  7375  8.0236e-04  6.3381e-04  6.6662e-04  8.0236e-04  -2.20628004e+04  -2.20334044e+04     20.72    154.230  29  0.000e+00  0.000e+00
  7400  8.1347e-04  5.3549e-04  7.2208e-04  8.1347e-04  -2.20629063e+04  -2.20310660e+04     20.71    154.750  29  0.000e+00  0.000e+00
  7425  8.0481e-04  5.4628e-04  7.0812e-04  8.0481e-04  -2.20638089e+04  -2.20325827e+04     21.28    155.275  29  0.000e+00  0.000e+00
  7450  7.8704e-04  5.3309e-04  6.7299e-04  7.8704e-04  -2.20632431e+04  -2.20335655e+04     20.94    155.800  29  0.000e+00  0.000e+00
  7475  8.0811e-04  5.7372e-04  7.1772e-04  8.0811e-04  -2.20632969e+04  -2.20316483e+04     20.74    156.324  29  0.000e+00  0.000e+00
# gate it=7500 k=250 kw=125 s1=3.488e+02 s_kw/s1=1.413e-02 fired=1 clipped_neg=29 clipped_pos=0 fired_frac_last250=1.000
# deflate it=7500 alpha=4.741e+01 theta=3.488e+01 clipped_neg=29 clipped_pos=0
  7500  8.0760e-04  5.7365e-04  6.9456e-04  8.0760e-04  -2.20636573e+04  -2.20330288e+04     20.72    156.846  29  0.000e+00  0.000e+00
  7525  8.0039e-04  5.8369e-04  6.6402e-04  8.0039e-04  -2.20630587e+04  -2.20337769e+04     20.75    157.368  29  0.000e+00  0.000e+00
  7550  7.9690e-04  5.2036e-04  7.1748e-04  7.9690e-04  -2.20638362e+04  -2.20321974e+04     20.87    157.890  29  0.000e+00  0.000e+00
  7575  7.8089e-04  5.6469e-04  7.0985e-04  7.8089e-04  -2.20638209e+04  -2.20325183e+04     20.92    158.416  29  0.000e+00  0.000e+00
  7600  7.9921e-04  5.3496e-04  6.9675e-04  7.9921e-04  -2.20640468e+04  -2.20333215e+04     20.83    158.937  29  0.000e+00  0.000e+00
  7625  8.0584e-04  5.2996e-04  6.8303e-04  8.0584e-04  -2.20635071e+04  -2.20333867e+04     20.74    159.460  29  0.000e+00  0.000e+00
  7650  7.9222e-04  6.3009e-04  7.1805e-04  7.9222e-04  -2.20639909e+04  -2.20323269e+04     20.72    159.981  29  0.000e+00  0.000e+00
  7675  8.1058e-04  5.4992e-04  7.0696e-04  8.1058e-04  -2.20647202e+04  -2.20335439e+04     20.73    160.502  29  0.000e+00  0.000e+00
  7700  8.0664e-04  5.2052e-04  6.6910e-04  8.0664e-04  -2.20637869e+04  -2.20342800e+04     21.27    161.026  29  0.000e+00  0.000e+00
  7725  8.1154e-04  5.2309e-04  7.3735e-04  8.1154e-04  -2.20642587e+04  -2.20317439e+04     20.84    161.549  29  0.000e+00  0.000e+00
# gate it=7750 k=250 kw=125 s1=3.532e+02 s_kw/s1=1.396e-02 fired=1 clipped_neg=29 clipped_pos=0 fired_frac_last250=1.000
# deflate it=7750 alpha=4.493e+01 theta=3.532e+01 clipped_neg=29 clipped_pos=0
  7750  8.1449e-04  5.6946e-04  6.7689e-04  8.1449e-04  -2.20652088e+04  -2.20353568e+04     20.80    162.071  29  0.000e+00  0.000e+00
  7775  7.9988e-04  5.1083e-04  5.8925e-04  7.9988e-04  -2.20637935e+04  -2.20378060e+04     20.77    162.595  29  0.000e+00  0.000e+00
  7800  8.0652e-04  5.1943e-04  6.6719e-04  8.0652e-04  -2.20637629e+04  -2.20343403e+04     20.83    163.117  29  0.000e+00  0.000e+00
  7825  8.1559e-04  5.7696e-04  6.8611e-04  8.1559e-04  -2.20650821e+04  -2.20348239e+04     21.30    163.645  29  0.000e+00  0.000e+00
  7850  7.9978e-04  5.6535e-04  5.9807e-04  7.9978e-04  -2.20642740e+04  -2.20378971e+04     21.64    164.168  29  0.000e+00  0.000e+00
  7875  7.9079e-04  5.4469e-04  6.3664e-04  7.9079e-04  -2.20640578e+04  -2.20359815e+04     20.73    164.690  28  0.000e+00  0.000e+00
  7900  8.0297e-04  5.4592e-04  6.6735e-04  8.0297e-04  -2.20644615e+04  -2.20350310e+04     20.77    165.211  28  0.000e+00  0.000e+00
  7925  7.9280e-04  6.8609e-04  6.4132e-04  7.9280e-04  -2.20643893e+04  -2.20361064e+04     21.02    165.732  28  0.000e+00  0.000e+00
  7950  8.1186e-04  5.4289e-04  6.4004e-04  8.1186e-04  -2.20644843e+04  -2.20362574e+04     21.14    166.255  28  0.000e+00  0.000e+00
  7975  7.9411e-04  5.5586e-04  6.3903e-04  7.9411e-04  -2.20644819e+04  -2.20362997e+04     20.78    166.781  27  0.000e+00  0.000e+00
# gate it=8000 k=250 kw=125 s1=3.573e+02 s_kw/s1=1.377e-02 fired=1 clipped_neg=27 clipped_pos=0 fired_frac_last250=1.000
# deflate it=8000 alpha=4.864e+01 theta=3.573e+01 clipped_neg=27 clipped_pos=0
  8000  7.9634e-04  5.7121e-04  6.4260e-04  7.9634e-04  -2.20646602e+04  -2.20363203e+04     20.77    167.304  27  0.000e+00  0.000e+00
  8025  8.0357e-04  5.7826e-04  6.5325e-04  8.0357e-04  -2.20648776e+04  -2.20360681e+04     21.22    167.827  27  0.000e+00  0.000e+00
  8050  7.9852e-04  5.7180e-04  6.4396e-04  7.9852e-04  -2.20647901e+04  -2.20363900e+04     21.27    168.352  27  0.000e+00  0.000e+00
  8075  8.1048e-04  5.4220e-04  6.2321e-04  8.1048e-04  -2.20643069e+04  -2.20368219e+04     20.92    168.872  27  0.000e+00  0.000e+00
  8100  7.8396e-04  5.4611e-04  6.6810e-04  7.8396e-04  -2.20651891e+04  -2.20357243e+04     20.78    169.396  27  0.000e+00  0.000e+00
  8125  7.7452e-04  5.5187e-04  6.3613e-04  7.7452e-04  -2.20651968e+04  -2.20371413e+04     20.71    169.919  27  0.000e+00  0.000e+00
  8150  8.0213e-04  5.6771e-04  6.3896e-04  8.0213e-04  -2.20649876e+04  -2.20368077e+04     20.82    170.442  27  0.000e+00  0.000e+00
  8175  7.8866e-04  5.3466e-04  6.6491e-04  7.8866e-04  -2.20652586e+04  -2.20359347e+04     21.13    170.961  27  0.000e+00  0.000e+00
  8200  7.9114e-04  5.6148e-04  6.4839e-04  7.9114e-04  -2.20653944e+04  -2.20367982e+04     20.79    171.484  27  0.000e+00  0.000e+00
  8225  8.0196e-04  6.3269e-04  6.2282e-04  8.0196e-04  -2.20652816e+04  -2.20378127e+04     21.00    172.006  27  0.000e+00  0.000e+00
# gate it=8250 k=250 kw=125 s1=3.614e+02 s_kw/s1=1.361e-02 fired=1 clipped_neg=27 clipped_pos=0 fired_frac_last250=1.000
# deflate it=8250 alpha=4.495e+01 theta=3.614e+01 clipped_neg=27 clipped_pos=0
  8250  8.0924e-04  5.5581e-04  6.4416e-04  8.0924e-04  -2.20648419e+04  -2.20364328e+04     20.76    172.531  27  0.000e+00  0.000e+00
  8275  8.1108e-04  5.2424e-04  6.5552e-04  8.1108e-04  -2.20655366e+04  -2.20366259e+04     20.73    173.054  27  0.000e+00  0.000e+00
  8300  7.9590e-04  5.1597e-04  6.2857e-04  7.9590e-04  -2.20655315e+04  -2.20378086e+04     21.65    173.578  27  0.000e+00  0.000e+00
  8325  8.0426e-04  6.2623e-04  6.6262e-04  8.0426e-04  -2.20657270e+04  -2.20365035e+04     20.96    174.102  27  0.000e+00  0.000e+00
  8350  7.9633e-04  5.5641e-04  6.4940e-04  7.9633e-04  -2.20661060e+04  -2.20374645e+04     20.79    174.626  27  0.000e+00  0.000e+00
  8375  8.1277e-04  5.5309e-04  6.1829e-04  8.1277e-04  -2.20651649e+04  -2.20378960e+04     20.81    175.151  27  0.000e+00  0.000e+00
  8400  8.0815e-04  6.2890e-04  6.7148e-04  8.0815e-04  -2.20659855e+04  -2.20363711e+04     21.39    175.673  27  0.000e+00  0.000e+00
  8425  8.0502e-04  6.6979e-04  5.7910e-04  8.0502e-04  -2.20657107e+04  -2.20401684e+04     20.92    176.197  27  0.000e+00  0.000e+00
  8450  8.0020e-04  5.1027e-04  5.7847e-04  8.0020e-04  -2.20654746e+04  -2.20399604e+04     20.81    176.719  27  0.000e+00  0.000e+00
  8475  8.1090e-04  5.8607e-04  5.9579e-04  8.1090e-04  -2.20652612e+04  -2.20389838e+04     20.71    177.242  26  0.000e+00  0.000e+00
# gate it=8500 k=250 kw=125 s1=3.654e+02 s_kw/s1=1.347e-02 fired=1 clipped_neg=26 clipped_pos=0 fired_frac_last250=1.000
# deflate it=8500 alpha=5.646e+01 theta=3.654e+01 clipped_neg=26 clipped_pos=0
  8500  8.1158e-04  6.2447e-04  5.9376e-04  8.1158e-04  -2.20654764e+04  -2.20392883e+04     20.74    177.762  26  0.000e+00  0.000e+00
  8525  8.1997e-04  5.1799e-04  6.2462e-04  8.1997e-04  -2.20658605e+04  -2.20383117e+04     20.90    178.283  26  0.000e+00  0.000e+00
  8550  8.0137e-04  5.5879e-04  5.9231e-04  8.0137e-04  -2.20660881e+04  -2.20399628e+04     21.59    178.807  26  0.000e+00  0.000e+00
  8575  8.0298e-04  5.9656e-04  5.8516e-04  8.0298e-04  -2.20655295e+04  -2.20397205e+04     20.86    179.332  26  0.000e+00  0.000e+00
  8600  7.8544e-04  6.0180e-04  6.4014e-04  7.8544e-04  -2.20662264e+04  -2.20379929e+04     20.77    179.854  26  0.000e+00  0.000e+00
  8625  7.9729e-04  6.8314e-04  5.9817e-04  7.9729e-04  -2.20664380e+04  -2.20400544e+04     20.96    180.379  26  0.000e+00  0.000e+00
  8650  8.0221e-04  6.6944e-04  5.7069e-04  8.0221e-04  -2.20655280e+04  -2.20403567e+04     21.11    180.902  26  0.000e+00  0.000e+00
  8675  8.0672e-04  5.4136e-04  6.3812e-04  8.0672e-04  -2.20661390e+04  -2.20379948e+04     21.02    181.430  26  0.000e+00  0.000e+00
  8700  8.0955e-04  6.3164e-04  5.9754e-04  8.0955e-04  -2.20666178e+04  -2.20402613e+04     20.72    181.952  26  0.000e+00  0.000e+00
  8725  8.1105e-04  5.9381e-04  5.8281e-04  8.1105e-04  -2.20658896e+04  -2.20401836e+04     20.72    182.473  26  0.000e+00  0.000e+00
# gate it=8750 k=250 kw=125 s1=3.692e+02 s_kw/s1=1.333e-02 fired=1 clipped_neg=25 clipped_pos=0 fired_frac_last250=1.000
# deflate it=8750 alpha=4.636e+01 theta=3.692e+01 clipped_neg=25 clipped_pos=0
  8750  8.0699e-04  5.5843e-04  6.0058e-04  8.0699e-04  -2.20664222e+04  -2.20399323e+04     20.85    182.995  25  0.000e+00  0.000e+00
  8775  7.9434e-04  6.1937e-04  6.0887e-04  7.9434e-04  -2.20667987e+04  -2.20399429e+04     21.17    183.518  25  0.000e+00  0.000e+00
  8800  8.0085e-04  5.8357e-04  6.0214e-04  8.0085e-04  -2.20660790e+04  -2.20395209e+04     21.18    184.042  25  0.000e+00  0.000e+00
  8825  7.9940e-04  6.4412e-04  5.8611e-04  7.9940e-04  -2.20661610e+04  -2.20403090e+04     20.72    184.564  25  0.000e+00  0.000e+00
  8850  8.0734e-04  5.5658e-04  6.2198e-04  8.0734e-04  -2.20671074e+04  -2.20396731e+04     20.75    185.088  25  0.000e+00  0.000e+00
  8875  7.8897e-04  5.6101e-04  6.1070e-04  7.8897e-04  -2.20670539e+04  -2.20401170e+04     21.27    185.613  25  0.000e+00  0.000e+00
  8900  8.1369e-04  5.2530e-04  5.6854e-04  8.1369e-04  -2.20662550e+04  -2.20411776e+04     20.91    186.137  25  0.000e+00  0.000e+00
  8925  7.8680e-04  6.3542e-04  6.1215e-04  7.8680e-04  -2.20665360e+04  -2.20395360e+04     20.76    186.658  25  0.000e+00  0.000e+00
  8950  7.9151e-04  6.2968e-04  6.0904e-04  7.9151e-04  -2.20668064e+04  -2.20399431e+04     20.77    187.182  25  0.000e+00  0.000e+00
  8975  8.1184e-04  5.8363e-04  5.8969e-04  8.1184e-04  -2.20671548e+04  -2.20411442e+04     21.32    187.706  25  0.000e+00  0.000e+00
# gate it=9000 k=250 kw=125 s1=3.730e+02 s_kw/s1=1.318e-02 fired=1 clipped_neg=25 clipped_pos=0 fired_frac_last250=1.000
# deflate it=9000 alpha=5.425e+01 theta=3.730e+01 clipped_neg=25 clipped_pos=0
  9000  7.7392e-04  5.2406e-04  5.9957e-04  7.7392e-04  -2.20669584e+04  -2.20405124e+04     21.47    188.231  25  0.000e+00  0.000e+00
  9025  7.9737e-04  6.1315e-04  6.0964e-04  7.9737e-04  -2.20669439e+04  -2.20400538e+04     20.73    188.759  25  0.000e+00  0.000e+00
  9050  8.0400e-04  5.3600e-04  5.8313e-04  8.0400e-04  -2.20668584e+04  -2.20411372e+04     21.24    189.282  25  0.000e+00  0.000e+00
  9075  7.8599e-04  5.1418e-04  6.0110e-04  7.8599e-04  -2.20674746e+04  -2.20409607e+04     20.83    189.807  25  0.000e+00  0.000e+00
  9100  7.8663e-04  6.0595e-04  6.0731e-04  7.8663e-04  -2.20674243e+04  -2.20406365e+04     20.73    190.332  25  0.000e+00  0.000e+00
  9125  7.7418e-04  5.1381e-04  6.0235e-04  7.7418e-04  -2.20674055e+04  -2.20408362e+04     20.73    190.853  25  0.000e+00  0.000e+00
  9150  8.2217e-04  6.7887e-04  5.8964e-04  8.2217e-04  -2.20670803e+04  -2.20410719e+04     20.88    191.378  25  0.000e+00  0.000e+00
  9175  8.0067e-04  5.1470e-04  5.8518e-04  8.0067e-04  -2.20671904e+04  -2.20413784e+04     21.10    191.902  25  0.000e+00  0.000e+00
  9200  8.0857e-04  5.1687e-04  6.0673e-04  8.0857e-04  -2.20672741e+04  -2.20405118e+04     20.81    192.426  25  0.000e+00  0.000e+00
  9225  7.9975e-04  5.1837e-04  5.6741e-04  7.9975e-04  -2.20673499e+04  -2.20423212e+04     20.72    192.948  25  0.000e+00  0.000e+00
# gate it=9250 k=250 kw=125 s1=3.766e+02 s_kw/s1=1.306e-02 fired=1 clipped_neg=25 clipped_pos=0 fired_frac_last250=1.000
# deflate it=9250 alpha=3.305e+01 theta=3.766e+01 clipped_neg=25 clipped_pos=0
  9250  7.9764e-04  6.7182e-04  5.8251e-04  7.9764e-04  -2.20672663e+04  -2.20415717e+04     20.90    193.470  25  0.000e+00  0.000e+00
  9275  8.0387e-04  5.1559e-04  5.3318e-04  8.0387e-04  -2.20678565e+04  -2.20443361e+04     20.79    193.993  25  0.000e+00  0.000e+00
  9300  8.0012e-04  5.8044e-04  5.4326e-04  8.0012e-04  -2.20671215e+04  -2.20431576e+04     21.23    194.516  25  0.000e+00  0.000e+00
  9325  7.9691e-04  5.2187e-04  5.7060e-04  7.9691e-04  -2.20679294e+04  -2.20427591e+04     20.72    195.040  25  0.000e+00  0.000e+00
  9350  8.2071e-04  5.4091e-04  5.4539e-04  8.2071e-04  -2.20675021e+04  -2.20434437e+04     20.78    195.562  25  0.000e+00  0.000e+00
  9375  8.0001e-04  5.0925e-04  5.4935e-04  8.0001e-04  -2.20673867e+04  -2.20431541e+04     20.71    196.081  25  0.000e+00  0.000e+00
  9400  7.9870e-04  5.3853e-04  5.4549e-04  7.9870e-04  -2.20679700e+04  -2.20439070e+04     20.72    196.603  25  0.000e+00  0.000e+00
  9425  8.1607e-04  5.0343e-04  5.5994e-04  8.1607e-04  -2.20680362e+04  -2.20433359e+04     21.54    197.130  25  0.000e+00  0.000e+00
  9450  7.8921e-04  5.0025e-04  5.5207e-04  7.8921e-04  -2.20677887e+04  -2.20434356e+04     20.77    197.654  25  0.000e+00  0.000e+00
  9475  7.9705e-04  5.8176e-04  5.4401e-04  7.9705e-04  -2.20681602e+04  -2.20441621e+04     20.75    198.177  25  0.000e+00  0.000e+00
# gate it=9500 k=250 kw=125 s1=3.801e+02 s_kw/s1=1.294e-02 fired=1 clipped_neg=25 clipped_pos=0 fired_frac_last250=1.000
# deflate it=9500 alpha=4.731e+01 theta=3.801e+01 clipped_neg=25 clipped_pos=0
  9500  8.1936e-04  5.1489e-04  5.5127e-04  8.1936e-04  -2.20675732e+04  -2.20432557e+04     21.18    198.701  25  0.000e+00  0.000e+00
  9525  7.9212e-04  5.2201e-04  5.6735e-04  7.9212e-04  -2.20685451e+04  -2.20435176e+04     21.28    199.224  25  0.000e+00  0.000e+00
  9550  7.8243e-04  5.1219e-04  5.4417e-04  7.8243e-04  -2.20679864e+04  -2.20439816e+04     20.92    199.748  25  0.000e+00  0.000e+00
  9575  8.0044e-04  5.2786e-04  5.3507e-04  8.0044e-04  -2.20676418e+04  -2.20440384e+04     20.74    200.271  25  0.000e+00  0.000e+00
  9600  7.8042e-04  6.3211e-04  5.5877e-04  7.8042e-04  -2.20683412e+04  -2.20436921e+04     21.02    200.795  25  0.000e+00  0.000e+00
  9625  7.9984e-04  5.1355e-04  5.3374e-04  7.9984e-04  -2.20679961e+04  -2.20444512e+04     21.28    201.317  25  0.000e+00  0.000e+00
  9650  8.0095e-04  5.0790e-04  5.5176e-04  8.0095e-04  -2.20680895e+04  -2.20437497e+04     21.36    201.840  25  0.000e+00  0.000e+00
  9675  8.0590e-04  5.4433e-04  5.4599e-04  8.0590e-04  -2.20685540e+04  -2.20444684e+04     20.82    202.363  25  0.000e+00  0.000e+00
  9700  7.9893e-04  5.4762e-04  5.4183e-04  7.9893e-04  -2.20682845e+04  -2.20443824e+04     20.70    202.885  25  0.000e+00  0.000e+00
  9725  7.9932e-04  5.0570e-04  5.4742e-04  7.9932e-04  -2.20682510e+04  -2.20441026e+04     20.72    203.408  25  0.000e+00  0.000e+00
# gate it=9750 k=250 kw=125 s1=3.835e+02 s_kw/s1=1.281e-02 fired=1 clipped_neg=25 clipped_pos=0 fired_frac_last250=1.000
# deflate it=9750 alpha=4.421e+01 theta=3.835e+01 clipped_neg=25 clipped_pos=0
  9750  8.0500e-04  5.2729e-04  5.4496e-04  8.0500e-04  -2.20683117e+04  -2.20442715e+04     20.89    203.932  25  0.000e+00  0.000e+00
  9775  8.0801e-04  5.2670e-04  5.4960e-04  8.0801e-04  -2.20685075e+04  -2.20442628e+04     21.06    204.458  25  0.000e+00  0.000e+00
  9800  8.1254e-04  5.0042e-04  5.3636e-04  8.1254e-04  -2.20683217e+04  -2.20446608e+04     20.75    204.981  25  0.000e+00  0.000e+00
  9825  7.9693e-04  5.1692e-04  5.4959e-04  7.9693e-04  -2.20683884e+04  -2.20441440e+04     20.72    205.503  25  0.000e+00  0.000e+00
  9850  8.0549e-04  5.0387e-04  5.4205e-04  8.0549e-04  -2.20688857e+04  -2.20449734e+04     20.75    206.026  25  0.000e+00  0.000e+00
  9875  8.1137e-04  4.9960e-04  5.4600e-04  8.1137e-04  -2.20686108e+04  -2.20445244e+04     20.96    206.551  25  0.000e+00  0.000e+00
  9900  8.0708e-04  5.2132e-04  5.6321e-04  8.0708e-04  -2.20692970e+04  -2.20444510e+04     20.86    207.073  25  0.000e+00  0.000e+00
  9925  8.0254e-04  5.1549e-04  5.3566e-04  8.0254e-04  -2.20688920e+04  -2.20452613e+04     20.68    207.597  25  0.000e+00  0.000e+00
  9950  8.0272e-04  5.1592e-04  5.7697e-04  8.0272e-04  -2.20690556e+04  -2.20436033e+04     20.73    208.121  25  0.000e+00  0.000e+00
  9975  8.1632e-04  5.1606e-04  5.5326e-04  8.1632e-04  -2.20692341e+04  -2.20448271e+04     21.22    208.641  25  0.000e+00  0.000e+00
# gate it=10000 k=250 kw=125 s1=3.869e+02 s_kw/s1=1.270e-02 fired=1 clipped_neg=25 clipped_pos=0 fired_frac_last250=1.000
# deflate it=10000 alpha=2.691e+01 theta=3.869e+01 clipped_neg=25 clipped_pos=0
 10000  8.1045e-04  5.2097e-04  5.0584e-04  8.1045e-04  -2.20680767e+04  -2.20457617e+04     21.28    209.163  25  0.000e+00  0.000e+00
# deflation summary: gate evaluated 9901 its (it>=100), fired 9557 (96.5%) [clipped a negative head 9557 times, a positive one 0]; deflated projections 9557; last alpha=2.691e+01
# symmetry defect eps_sym = ||P-P^T||_F/||P||_F on 420 logged iterates (383 on the deflated path), symmetrize=1:
#   before symmetrization: all mean 0.000e+00 median 0.000e+00 max 0.000e+00 | deflated-path mean 0.000e+00 median 0.000e+00 max 0.000e+00
#   after  symmetrization: all mean 0.000e+00 median 0.000e+00 max 0.000e+00 | deflated-path mean 0.000e+00 median 0.000e+00 max 0.000e+00
# symmetrize=1: 4136.7 ms total (0.414 ms/it), included in proj time
# rank(X) at relative thresholds 1e-6 / 1e-4 / 1e-3 of lambda_max: 1484 / 62 / 62

FINAL problem=data/G55mc.sdp mode=deflated16 sigma=1 iters=10000 | pinf 8.105e-04 dinf 5.210e-04 gap 5.058e-04 eta 8.105e-04 | lmin(X) -3.526e-03 lmin(S) -1.484e-03 eta_full 8.105e-04 | rank(X) 1484/5000 | obj -2.20680767e+04 | proj 209.2 s (20.9 ms/it) wall 217.5 s | symmetrize 1 eps_raw_max 0.000e+00 eps_used_max 0.000e+00
