# max-cut SDP  problem=data/G59mc.sdp n=5000 m=5000 F0_nnz=33858  mode=baseline16 sigma=1 eta_tol=0 window=0.025 gamma=1.1 symmetrize=1  ||C||_F=1.726412e+02
# iter  pinf        dinf        gap         eta         obj_primal      obj_dual        proj_ms  cum_proj_s  deflated  eps_sym_raw  eps_sym_used
     1  3.8332e-01  7.4763e-01  9.9994e-01  9.9994e-01  -1.04800629e+04  +4.90400000e+03    111.81      0.112  0  0.000e+00  0.000e+00
     2  6.4529e-01  3.5434e-01  6.8587e-01  6.8587e-01  -1.54061252e+04  -2.87027767e+03     17.19      0.129  0  0.000e+00  0.000e+00
     3  6.0718e-01  2.2947e-01  4.0797e-01  6.0718e-01  -1.68643969e+04  -7.09091156e+03     17.09      0.146  0  0.000e+00  0.000e+00
     4  4.7686e-01  1.8895e-01  2.6595e-01  4.7686e-01  -1.66136005e+04  -9.63298665e+03     17.08      0.163  0  0.000e+00  0.000e+00
     5  3.4012e-01  1.6436e-01  1.7365e-01  3.4012e-01  -1.57203518e+04  -1.10682711e+04     17.18      0.180  0  0.000e+00  0.000e+00
     6  2.2775e-01  1.4047e-01  1.1089e-01  2.2775e-01  -1.47323069e+04  -1.17911353e+04     17.50      0.198  0  0.000e+00  0.000e+00
     7  1.4900e-01  1.1637e-01  7.0866e-02  1.4900e-01  -1.38933892e+04  -1.20544924e+04     17.37      0.215  0  0.000e+00  0.000e+00
     8  1.0313e-01  9.4707e-02  4.8899e-02  1.0313e-01  -1.32828660e+04  -1.20443361e+04     17.35      0.233  0  0.000e+00  0.000e+00
     9  8.1827e-02  7.7384e-02  4.0714e-02  8.1827e-02  -1.29017607e+04  -1.18922543e+04     17.44      0.250  0  0.000e+00  0.000e+00
    10  7.1584e-02  6.5308e-02  4.2039e-02  7.1584e-02  -1.27189195e+04  -1.16926436e+04     17.60      0.268  0  0.000e+00  0.000e+00
    11  6.2774e-02  5.7967e-02  4.8797e-02  6.2774e-02  -1.26890769e+04  -1.15082648e+04     17.67      0.285  0  0.000e+00  0.000e+00
    12  5.3292e-02  5.3933e-02  5.7502e-02  5.7502e-02  -1.27660781e+04  -1.13777056e+04     17.54      0.303  0  0.000e+00  0.000e+00
    13  4.4514e-02  5.1422e-02  6.5510e-02  6.5510e-02  -1.29070828e+04  -1.13198998e+04     17.41      0.320  0  0.000e+00  0.000e+00
    14  3.8806e-02  4.9299e-02  7.1124e-02  7.1124e-02  -1.30733063e+04  -1.13370753e+04     17.50      0.338  0  0.000e+00  0.000e+00
    15  3.7344e-02  4.7053e-02  7.3722e-02  7.3722e-02  -1.32376829e+04  -1.14198119e+04     17.45      0.355  0  0.000e+00  0.000e+00
    16  3.8349e-02  4.4662e-02  7.3312e-02  7.3312e-02  -1.33795094e+04  -1.15516693e+04     17.73      0.373  0  0.000e+00  0.000e+00
    17  4.0035e-02  4.2389e-02  7.0331e-02  7.0331e-02  -1.34866427e+04  -1.17141770e+04     17.52      0.390  0  0.000e+00  0.000e+00
    18  4.0288e-02  4.0368e-02  6.5591e-02  6.5591e-02  -1.35564550e+04  -1.18874974e+04     17.35      0.408  0  0.000e+00  0.000e+00
    19  3.8889e-02  3.8703e-02  5.9849e-02  5.9849e-02  -1.35901076e+04  -1.20551973e+04     17.30      0.425  0  0.000e+00  0.000e+00
    20  3.6044e-02  3.7296e-02  5.3865e-02  5.3865e-02  -1.35948941e+04  -1.22051208e+04     17.62      0.443  0  0.000e+00  0.000e+00
    25  1.9114e-02  3.1387e-02  3.4302e-02  3.4302e-02  -1.34501224e+04  -1.25579502e+04     18.13      0.532  0  0.000e+00  0.000e+00
    50  6.7369e-03  1.8774e-02  2.5290e-02  2.5290e-02  -1.37055499e+04  -1.30294052e+04     17.76      0.969  0  0.000e+00  0.000e+00
    75  3.4735e-03  1.4104e-02  2.0158e-02  2.0158e-02  -1.38657998e+04  -1.33178229e+04     17.68      1.409  0  0.000e+00  0.000e+00
   100  2.4899e-03  1.1566e-02  1.7160e-02  1.7160e-02  -1.39691417e+04  -1.34978011e+04     17.44      1.857  0  0.000e+00  0.000e+00
   125  2.4825e-03  1.0022e-02  1.5435e-02  1.5435e-02  -1.40453210e+04  -1.36183151e+04     17.68      2.308  0  0.000e+00  0.000e+00
   150  2.1344e-03  8.8153e-03  1.3928e-02  1.3928e-02  -1.40999578e+04  -1.37125779e+04     17.85      2.751  0  0.000e+00  0.000e+00
   175  1.8772e-03  8.0026e-03  1.2990e-02  1.2990e-02  -1.41448378e+04  -1.37820617e+04     18.11      3.204  0  0.000e+00  0.000e+00
   200  1.8318e-03  7.4028e-03  1.2199e-02  1.2199e-02  -1.41836029e+04  -1.38417003e+04     17.54      3.650  0  0.000e+00  0.000e+00
   225  2.0025e-03  6.8847e-03  1.1380e-02  1.1380e-02  -1.42109359e+04  -1.38911299e+04     17.32      4.091  0  0.000e+00  0.000e+00
   250  1.8040e-03  6.4532e-03  1.0853e-02  1.0853e-02  -1.42391812e+04  -1.39334045e+04     17.37      4.532  0  0.000e+00  0.000e+00
   275  2.1431e-03  6.1372e-03  1.0350e-02  1.0350e-02  -1.42601856e+04  -1.39680182e+04     18.15      4.980  0  0.000e+00  0.000e+00
   300  1.9058e-03  5.8575e-03  9.7825e-03  9.7825e-03  -1.42787817e+04  -1.40021137e+04     17.67      5.424  0  0.000e+00  0.000e+00
   325  1.7688e-03  5.5983e-03  9.4017e-03  9.4017e-03  -1.42975648e+04  -1.40312162e+04     17.62      5.862  0  0.000e+00  0.000e+00
   350  1.8058e-03  5.3988e-03  8.7982e-03  8.7982e-03  -1.43146605e+04  -1.40649608e+04     17.76      6.314  0  0.000e+00  0.000e+00
   375  1.8948e-03  5.2082e-03  8.9095e-03  8.9095e-03  -1.43288738e+04  -1.40757926e+04     17.95      6.758  0  0.000e+00  0.000e+00
   400  2.0193e-03  5.0502e-03  8.1493e-03  8.1493e-03  -1.43393715e+04  -1.41075401e+04     17.85      7.209  0  0.000e+00  0.000e+00
   425  2.2126e-03  4.9131e-03  8.0476e-03  8.0476e-03  -1.43558743e+04  -1.41266497e+04     17.69      7.658  0  0.000e+00  0.000e+00
   450  1.8422e-03  4.7336e-03  7.8644e-03  7.8644e-03  -1.43651422e+04  -1.41409514e+04     17.72      8.103  0  0.000e+00  0.000e+00
   475  1.9105e-03  4.6753e-03  7.6139e-03  7.6139e-03  -1.43758133e+04  -1.41585492e+04     18.48      8.552  0  0.000e+00  0.000e+00
   500  2.0397e-03  4.5525e-03  7.4182e-03  7.4182e-03  -1.43819565e+04  -1.41701434e+04     17.51      8.996  0  0.000e+00  0.000e+00
   525  2.1197e-03  4.4958e-03  7.0129e-03  7.0129e-03  -1.43942017e+04  -1.41937105e+04     17.38      9.443  0  0.000e+00  0.000e+00
   550  1.9374e-03  4.3606e-03  7.1530e-03  7.1530e-03  -1.43984496e+04  -1.41939211e+04     18.43      9.887  0  0.000e+00  0.000e+00
   575  1.9782e-03  4.2873e-03  6.3231e-03  6.3231e-03  -1.44083144e+04  -1.42272419e+04     18.57     10.329  0  0.000e+00  0.000e+00
   600  1.8634e-03  4.2102e-03  6.9429e-03  6.9429e-03  -1.44163770e+04  -1.42175672e+04     17.27     10.774  0  0.000e+00  0.000e+00
   625  1.9939e-03  4.1783e-03  6.3806e-03  6.3806e-03  -1.44208035e+04  -1.42379382e+04     17.86     11.221  0  0.000e+00  0.000e+00
   650  2.0563e-03  4.1104e-03  6.2455e-03  6.2455e-03  -1.44305857e+04  -1.42514454e+04     18.54     11.664  0  0.000e+00  0.000e+00
   675  1.7693e-03  4.0279e-03  6.2097e-03  6.2097e-03  -1.44310012e+04  -1.42528756e+04     18.63     12.107  0  0.000e+00  0.000e+00
   700  1.9401e-03  3.9983e-03  5.8501e-03  5.8501e-03  -1.44428699e+04  -1.42748631e+04     17.94     12.558  0  0.000e+00  0.000e+00
   725  1.9294e-03  3.9926e-03  6.1066e-03  6.1066e-03  -1.44441209e+04  -1.42687776e+04     17.64     13.005  0  0.000e+00  0.000e+00
   750  1.8640e-03  3.9154e-03  5.7854e-03  5.7854e-03  -1.44530013e+04  -1.42867259e+04     17.26     13.451  0  0.000e+00  0.000e+00
   775  1.8953e-03  3.9245e-03  5.7922e-03  5.7922e-03  -1.44550931e+04  -1.42885973e+04     22.14     13.898  0  0.000e+00  0.000e+00
   800  1.8960e-03  3.9263e-03  5.7807e-03  5.7807e-03  -1.44624887e+04  -1.42962369e+04     18.73     14.340  0  0.000e+00  0.000e+00
   825  2.0424e-03  3.8964e-03  5.5597e-03  5.5597e-03  -1.44675237e+04  -1.43075360e+04     17.52     14.790  0  0.000e+00  0.000e+00
   850  1.9971e-03  3.9053e-03  5.5127e-03  5.5127e-03  -1.44652731e+04  -1.43066567e+04     18.20     15.234  0  0.000e+00  0.000e+00
   875  1.9133e-03  3.8767e-03  5.4066e-03  5.4066e-03  -1.44741563e+04  -1.43184813e+04     17.39     15.681  0  0.000e+00  0.000e+00
   900  2.2543e-03  3.8689e-03  5.2120e-03  5.2120e-03  -1.44725576e+04  -1.43224729e+04     17.51     16.126  0  0.000e+00  0.000e+00
   925  1.9538e-03  3.8262e-03  5.2117e-03  5.2117e-03  -1.44812518e+04  -1.43310851e+04     18.48     16.570  0  0.000e+00  0.000e+00
   950  2.0180e-03  3.7378e-03  4.7601e-03  4.7601e-03  -1.44815797e+04  -1.43443608e+04     17.65     17.016  0  0.000e+00  0.000e+00
   975  1.9420e-03  3.7629e-03  5.3714e-03  5.3714e-03  -1.44875284e+04  -1.43327175e+04     17.57     17.462  0  0.000e+00  0.000e+00
  1000  1.9113e-03  3.7430e-03  4.7376e-03  4.7376e-03  -1.44886554e+04  -1.43520165e+04     18.13     17.905  0  0.000e+00  0.000e+00
  1025  2.0072e-03  3.7483e-03  4.9839e-03  4.9839e-03  -1.44930180e+04  -1.43492663e+04     18.00     18.348  0  0.000e+00  0.000e+00
  1050  1.9811e-03  3.7184e-03  4.4194e-03  4.4194e-03  -1.44926333e+04  -1.43650964e+04     17.39     18.794  0  0.000e+00  0.000e+00
  1075  1.9880e-03  3.7357e-03  4.7955e-03  4.7955e-03  -1.44959555e+04  -1.43575828e+04     17.91     19.244  0  0.000e+00  0.000e+00
  1100  1.9403e-03  3.6903e-03  4.4979e-03  4.4979e-03  -1.45008336e+04  -1.43709661e+04     17.87     19.685  0  0.000e+00  0.000e+00
  1125  2.0405e-03  3.7110e-03  4.5029e-03  4.5029e-03  -1.45001393e+04  -1.43701336e+04     17.48     20.135  0  0.000e+00  0.000e+00
  1150  1.8940e-03  3.6710e-03  4.7443e-03  4.7443e-03  -1.45060140e+04  -1.43690181e+04     17.53     20.578  0  0.000e+00  0.000e+00
  1175  1.9307e-03  3.6638e-03  4.3004e-03  4.3004e-03  -1.45086262e+04  -1.43843711e+04     18.41     21.018  0  0.000e+00  0.000e+00
  1200  2.0022e-03  3.6627e-03  4.1982e-03  4.1982e-03  -1.45090444e+04  -1.43877267e+04     17.48     21.464  0  0.000e+00  0.000e+00
  1225  1.9728e-03  3.6843e-03  4.4375e-03  4.4375e-03  -1.45130953e+04  -1.43848548e+04     17.28     21.907  0  0.000e+00  0.000e+00
  1250  1.9416e-03  3.6316e-03  4.3130e-03  4.3130e-03  -1.45167763e+04  -1.43920886e+04     17.68     22.354  0  0.000e+00  0.000e+00
  1275  1.9928e-03  3.6730e-03  4.1508e-03  4.1508e-03  -1.45173063e+04  -1.43972841e+04     18.65     22.798  0  0.000e+00  0.000e+00
  1300  1.9771e-03  3.5945e-03  3.8211e-03  3.8211e-03  -1.45185415e+04  -1.44080078e+04     17.46     23.245  0  0.000e+00  0.000e+00
  1325  2.0654e-03  3.6170e-03  3.9569e-03  3.9569e-03  -1.45194408e+04  -1.44049846e+04     18.04     23.690  0  0.000e+00  0.000e+00
  1350  2.0118e-03  3.6727e-03  4.1766e-03  4.1766e-03  -1.45240225e+04  -1.44031995e+04     18.53     24.131  0  0.000e+00  0.000e+00
  1375  2.0427e-03  3.6211e-03  3.7214e-03  3.7214e-03  -1.45258837e+04  -1.44181679e+04     17.54     24.575  0  0.000e+00  0.000e+00
  1400  2.0383e-03  3.6269e-03  4.0790e-03  4.0790e-03  -1.45253434e+04  -1.44073232e+04     17.33     25.020  0  0.000e+00  0.000e+00
  1425  1.9465e-03  3.5850e-03  3.9143e-03  3.9143e-03  -1.45315087e+04  -1.44181874e+04     17.69     25.462  0  0.000e+00  0.000e+00
  1450  2.0480e-03  3.5901e-03  3.7190e-03  3.7190e-03  -1.45288330e+04  -1.44211637e+04     18.11     25.905  0  0.000e+00  0.000e+00
  1475  2.1402e-03  3.6047e-03  4.0797e-03  4.0797e-03  -1.45370598e+04  -1.44189233e+04     18.03     26.363  0  0.000e+00  0.000e+00
  1500  2.1132e-03  3.5555e-03  3.3480e-03  3.5555e-03  -1.45364199e+04  -1.44394045e+04     17.60     26.807  0  0.000e+00  0.000e+00
  1525  2.0840e-03  3.5521e-03  3.7114e-03  3.7114e-03  -1.45353753e+04  -1.44278762e+04     17.38     27.254  0  0.000e+00  0.000e+00
  1550  2.0211e-03  3.4711e-03  3.1865e-03  3.4711e-03  -1.45378985e+04  -1.44455403e+04     17.66     27.697  0  0.000e+00  0.000e+00
  1575  2.0086e-03  3.5164e-03  3.5156e-03  3.5164e-03  -1.45351410e+04  -1.44332972e+04     18.03     28.141  0  0.000e+00  0.000e+00
  1600  2.1658e-03  3.4687e-03  3.4697e-03  3.4697e-03  -1.45432074e+04  -1.44426325e+04     17.41     28.588  0  0.000e+00  0.000e+00
  1625  2.0514e-03  3.4412e-03  2.8656e-03  3.4412e-03  -1.45399734e+04  -1.44568760e+04     17.29     29.029  0  0.000e+00  0.000e+00
  1650  1.9645e-03  3.4605e-03  3.4510e-03  3.4605e-03  -1.45425101e+04  -1.44424800e+04     18.52     29.476  0  0.000e+00  0.000e+00
  1675  2.0637e-03  3.4836e-03  3.0221e-03  3.4836e-03  -1.45428416e+04  -1.44552024e+04     17.55     29.919  0  0.000e+00  0.000e+00
  1700  2.0487e-03  3.4529e-03  3.2075e-03  3.4529e-03  -1.45443747e+04  -1.44513681e+04     17.43     30.361  0  0.000e+00  0.000e+00
  1725  1.9427e-03  3.4942e-03  2.9623e-03  3.4942e-03  -1.45470622e+04  -1.44611296e+04     17.28     30.806  0  0.000e+00  0.000e+00
  1750  1.9728e-03  3.4404e-03  2.8894e-03  3.4404e-03  -1.45468921e+04  -1.44630692e+04     17.96     31.249  0  0.000e+00  0.000e+00
  1775  1.9428e-03  3.5023e-03  3.1810e-03  3.5023e-03  -1.45487438e+04  -1.44564757e+04     17.65     31.697  0  0.000e+00  0.000e+00
  1800  2.0599e-03  3.4705e-03  2.9709e-03  3.4705e-03  -1.45493564e+04  -1.44631593e+04     70.20     32.246  0  0.000e+00  0.000e+00
  1825  1.9191e-03  3.4945e-03  3.0863e-03  3.4945e-03  -1.45531463e+04  -1.44635899e+04     17.72     33.145  0  0.000e+00  0.000e+00
  1850  2.0452e-03  3.5203e-03  2.8137e-03  3.5203e-03  -1.45529239e+04  -1.44712551e+04     17.46     33.583  0  0.000e+00  0.000e+00
  1875  2.1061e-03  3.5790e-03  2.7842e-03  3.5790e-03  -1.45559204e+04  -1.44750883e+04     17.93     34.027  0  0.000e+00  0.000e+00
  1900  2.1773e-03  3.5746e-03  2.8733e-03  3.5746e-03  -1.45556220e+04  -1.44722145e+04     17.95     34.467  0  0.000e+00  0.000e+00
  1925  2.0475e-03  3.5000e-03  2.5089e-03  3.5000e-03  -1.45576979e+04  -1.44848295e+04     17.37     34.914  0  0.000e+00  0.000e+00
  1950  2.0837e-03  3.5434e-03  2.4718e-03  3.5434e-03  -1.45563847e+04  -1.44845990e+04     17.40     35.355  0  0.000e+00  0.000e+00
  1975  2.1886e-03  3.5295e-03  2.8590e-03  3.5295e-03  -1.45590733e+04  -1.44760594e+04     18.68     35.803  0  0.000e+00  0.000e+00
  2000  2.1994e-03  3.5728e-03  2.4937e-03  3.5728e-03  -1.45596998e+04  -1.44872629e+04     17.37     36.249  0  0.000e+00  0.000e+00
  2025  2.0042e-03  3.5216e-03  2.6381e-03  3.5216e-03  -1.45608518e+04  -1.44842250e+04     17.31     36.690  0  0.000e+00  0.000e+00
  2050  2.0291e-03  3.5514e-03  2.8800e-03  3.5514e-03  -1.45620427e+04  -1.44784027e+04     17.34     37.130  0  0.000e+00  0.000e+00
  2075  2.1936e-03  3.5580e-03  2.4926e-03  3.5580e-03  -1.45631849e+04  -1.44907634e+04     17.28     37.565  0  0.000e+00  0.000e+00
  2100  2.0521e-03  3.5603e-03  2.5894e-03  3.5603e-03  -1.45623201e+04  -1.44870956e+04     17.42     38.004  0  0.000e+00  0.000e+00
  2125  2.0235e-03  3.5703e-03  2.7226e-03  3.5703e-03  -1.45639099e+04  -1.44848191e+04     17.46     38.447  0  0.000e+00  0.000e+00
  2150  2.1246e-03  3.5485e-03  2.4831e-03  3.5485e-03  -1.45631754e+04  -1.44910276e+04     17.44     38.888  0  0.000e+00  0.000e+00
  2175  2.1296e-03  3.5766e-03  2.5899e-03  3.5766e-03  -1.45641800e+04  -1.44889332e+04     17.47     39.323  0  0.000e+00  0.000e+00
  2200  2.1266e-03  3.5858e-03  2.3615e-03  3.5858e-03  -1.45650238e+04  -1.44963932e+04     17.27     39.759  0  0.000e+00  0.000e+00
  2225  2.1473e-03  3.5757e-03  2.5572e-03  3.5757e-03  -1.45672167e+04  -1.44929011e+04     17.49     40.195  0  0.000e+00  0.000e+00
  2250  2.0970e-03  3.5552e-03  2.3328e-03  3.5552e-03  -1.45692656e+04  -1.45014477e+04     17.34     40.634  0  0.000e+00  0.000e+00
  2275  2.2058e-03  3.6007e-03  2.0258e-03  3.6007e-03  -1.45698179e+04  -1.45109040e+04     17.56     41.072  0  0.000e+00  0.000e+00
  2300  2.0164e-03  3.5565e-03  2.4948e-03  3.5565e-03  -1.45710182e+04  -1.44984928e+04     17.40     41.515  0  0.000e+00  0.000e+00
  2325  2.0088e-03  3.5895e-03  2.3727e-03  3.5895e-03  -1.45727279e+04  -1.45037356e+04     17.45     41.963  0  0.000e+00  0.000e+00
  2350  2.0394e-03  3.6416e-03  2.1676e-03  3.6416e-03  -1.45725551e+04  -1.45095135e+04     17.74     42.401  0  0.000e+00  0.000e+00
  2375  2.0412e-03  3.6372e-03  2.4543e-03  3.6372e-03  -1.45719328e+04  -1.45005780e+04     18.35     42.842  0  0.000e+00  0.000e+00
  2400  2.0735e-03  3.6865e-03  2.5163e-03  3.6865e-03  -1.45749622e+04  -1.45017942e+04     18.19     43.284  0  0.000e+00  0.000e+00
  2425  2.0463e-03  3.6653e-03  2.1196e-03  3.6653e-03  -1.45736349e+04  -1.45119822e+04     17.65     43.725  0  0.000e+00  0.000e+00
  2450  2.0877e-03  3.6761e-03  2.3347e-03  3.6761e-03  -1.45721169e+04  -1.45042308e+04     17.23     44.168  0  0.000e+00  0.000e+00
  2475  2.0833e-03  3.6802e-03  2.4146e-03  3.6802e-03  -1.45747286e+04  -1.45045124e+04     17.32     44.610  0  0.000e+00  0.000e+00
  2500  2.0269e-03  3.6961e-03  2.1581e-03  3.6961e-03  -1.45752926e+04  -1.45125170e+04     17.32     45.050  0  0.000e+00  0.000e+00
  2525  2.1138e-03  3.7098e-03  2.3915e-03  3.7098e-03  -1.45747624e+04  -1.45052154e+04     17.26     45.488  0  0.000e+00  0.000e+00
  2550  2.1677e-03  3.6568e-03  2.1133e-03  3.6568e-03  -1.45761640e+04  -1.45146842e+04     18.45     45.937  0  0.000e+00  0.000e+00
  2575  2.0670e-03  3.7273e-03  2.1401e-03  3.7273e-03  -1.45752337e+04  -1.45129805e+04     17.41     46.381  0  0.000e+00  0.000e+00
  2600  2.1808e-03  3.7066e-03  2.1735e-03  3.7066e-03  -1.45783320e+04  -1.45150948e+04     17.41     46.818  0  0.000e+00  0.000e+00
  2625  2.1800e-03  3.7370e-03  1.6983e-03  3.7370e-03  -1.45790937e+04  -1.45296573e+04     17.32     47.258  0  0.000e+00  0.000e+00
  2650  2.2206e-03  3.7149e-03  1.7977e-03  3.7149e-03  -1.45765603e+04  -1.45242438e+04     17.31     47.700  0  0.000e+00  0.000e+00
  2675  2.1429e-03  3.6696e-03  2.0529e-03  3.6696e-03  -1.45790673e+04  -1.45193300e+04     18.24     48.151  0  0.000e+00  0.000e+00
  2700  2.3379e-03  3.7309e-03  1.9488e-03  3.7309e-03  -1.45789715e+04  -1.45222556e+04     17.93     48.590  0  0.000e+00  0.000e+00
  2725  2.2125e-03  3.7334e-03  2.0697e-03  3.7334e-03  -1.45798261e+04  -1.45195975e+04     17.36     49.030  0  0.000e+00  0.000e+00
  2750  2.2359e-03  3.7110e-03  2.1569e-03  3.7110e-03  -1.45808977e+04  -1.45181329e+04     17.60     49.465  0  0.000e+00  0.000e+00
  2775  2.1539e-03  3.7116e-03  1.9597e-03  3.7116e-03  -1.45816289e+04  -1.45245884e+04     18.46     49.908  0  0.000e+00  0.000e+00
  2800  2.0358e-03  3.6646e-03  1.9226e-03  3.6646e-03  -1.45822172e+04  -1.45262506e+04     17.21     50.356  0  0.000e+00  0.000e+00
  2825  2.1030e-03  3.7214e-03  1.9202e-03  3.7214e-03  -1.45816785e+04  -1.45257841e+04     17.27     50.796  0  0.000e+00  0.000e+00
  2850  2.0366e-03  3.6690e-03  1.9382e-03  3.6690e-03  -1.45836280e+04  -1.45272042e+04     18.11     51.243  0  0.000e+00  0.000e+00
  2875  2.1138e-03  3.6926e-03  1.7112e-03  3.6926e-03  -1.45833068e+04  -1.45334801e+04     17.24     51.686  0  0.000e+00  0.000e+00
  2900  2.2238e-03  3.6733e-03  1.9062e-03  3.6733e-03  -1.45816731e+04  -1.45261863e+04     17.93     52.125  0  0.000e+00  0.000e+00
  2925  2.0245e-03  3.6747e-03  1.9080e-03  3.6747e-03  -1.45860912e+04  -1.45305347e+04     17.61     52.562  0  0.000e+00  0.000e+00
  2950  2.1264e-03  3.6662e-03  1.6082e-03  3.6662e-03  -1.45842408e+04  -1.45374059e+04     18.04     52.998  0  0.000e+00  0.000e+00
  2975  2.3842e-03  3.7249e-03  2.0833e-03  3.7249e-03  -1.45871782e+04  -1.45265237e+04     17.35     53.443  0  0.000e+00  0.000e+00
  3000  2.2390e-03  3.7366e-03  1.8158e-03  3.7366e-03  -1.45858879e+04  -1.45330123e+04     17.62     53.877  0  0.000e+00  0.000e+00
  3025  2.1665e-03  3.6360e-03  1.8303e-03  3.6360e-03  -1.45868686e+04  -1.45335662e+04     18.50     54.318  0  0.000e+00  0.000e+00
  3050  2.1434e-03  3.6555e-03  1.9995e-03  3.6555e-03  -1.45883865e+04  -1.45301624e+04     17.56     54.756  0  0.000e+00  0.000e+00
  3075  2.1817e-03  3.7234e-03  1.6789e-03  3.7234e-03  -1.45884533e+04  -1.45395478e+04     17.44     55.201  0  0.000e+00  0.000e+00
  3100  2.2180e-03  3.6830e-03  1.6165e-03  3.6830e-03  -1.45863952e+04  -1.45393120e+04     17.26     55.643  0  0.000e+00  0.000e+00
  3125  2.1424e-03  3.6935e-03  1.7211e-03  3.6935e-03  -1.45895297e+04  -1.45393956e+04     17.27     56.082  0  0.000e+00  0.000e+00
  3150  2.0884e-03  3.7689e-03  1.4745e-03  3.7689e-03  -1.45899946e+04  -1.45470303e+04     17.24     56.519  0  0.000e+00  0.000e+00
  3175  2.1432e-03  3.7127e-03  1.5554e-03  3.7127e-03  -1.45906213e+04  -1.45453028e+04     17.29     56.959  0  0.000e+00  0.000e+00
  3200  2.2252e-03  3.7268e-03  1.3241e-03  3.7268e-03  -1.45921675e+04  -1.45535751e+04     17.75     57.406  0  0.000e+00  0.000e+00
  3225  2.0703e-03  3.6657e-03  1.3031e-03  3.6657e-03  -1.45888584e+04  -1.45508850e+04     17.30     57.845  0  0.000e+00  0.000e+00
  3250  2.1442e-03  3.7518e-03  1.5928e-03  3.7518e-03  -1.45883090e+04  -1.45419090e+04     17.72     58.280  0  0.000e+00  0.000e+00
  3275  2.1081e-03  3.7409e-03  1.8285e-03  3.7409e-03  -1.45930025e+04  -1.45397309e+04     17.20     58.712  0  0.000e+00  0.000e+00
  3300  2.1640e-03  3.6906e-03  1.5645e-03  3.6906e-03  -1.45930959e+04  -1.45475043e+04     17.19     59.149  0  0.000e+00  0.000e+00
  3325  2.1626e-03  3.7037e-03  1.7087e-03  3.7037e-03  -1.45930405e+04  -1.45432530e+04     18.06     59.582  0  0.000e+00  0.000e+00
  3350  2.4197e-03  3.7663e-03  1.5109e-03  3.7663e-03  -1.45958000e+04  -1.45517584e+04     17.74     60.022  0  0.000e+00  0.000e+00
  3375  2.2050e-03  3.6801e-03  1.3590e-03  3.6801e-03  -1.45929682e+04  -1.45533570e+04     17.28     60.468  0  0.000e+00  0.000e+00
  3400  2.1300e-03  3.7212e-03  1.5589e-03  3.7212e-03  -1.45944504e+04  -1.45490178e+04     17.32     60.909  0  0.000e+00  0.000e+00
  3425  2.0808e-03  3.7178e-03  1.4128e-03  3.7178e-03  -1.45941883e+04  -1.45530070e+04     17.45     61.348  0  0.000e+00  0.000e+00
  3450  2.2333e-03  3.7693e-03  1.4489e-03  3.7693e-03  -1.45942251e+04  -1.45519940e+04     17.26     61.789  0  0.000e+00  0.000e+00
  3475  2.2954e-03  3.7173e-03  1.3861e-03  3.7173e-03  -1.45946080e+04  -1.45542022e+04     17.34     62.222  0  0.000e+00  0.000e+00
  3500  2.1508e-03  3.7293e-03  1.4143e-03  3.7293e-03  -1.45959335e+04  -1.45547056e+04     17.83     62.662  0  0.000e+00  0.000e+00
  3525  2.1226e-03  3.6334e-03  1.3471e-03  3.6334e-03  -1.45955960e+04  -1.45563237e+04     17.58     63.109  0  0.000e+00  0.000e+00
  3550  2.0830e-03  3.7313e-03  1.3918e-03  3.7313e-03  -1.45979094e+04  -1.45573310e+04     17.55     63.549  0  0.000e+00  0.000e+00
  3575  2.1670e-03  3.7294e-03  1.0943e-03  3.7294e-03  -1.45968415e+04  -1.45649300e+04     17.34     63.991  0  0.000e+00  0.000e+00
  3600  2.1490e-03  3.6811e-03  1.2501e-03  3.6811e-03  -1.45972484e+04  -1.45607978e+04     17.67     64.431  0  0.000e+00  0.000e+00
  3625  2.0804e-03  3.6988e-03  1.2041e-03  3.6988e-03  -1.45950691e+04  -1.45599622e+04     17.47     64.874  0  0.000e+00  0.000e+00
  3650  2.0990e-03  3.6893e-03  1.0477e-03  3.6893e-03  -1.45940890e+04  -1.45635399e+04     17.74     65.309  0  0.000e+00  0.000e+00
  3675  2.1350e-03  3.7026e-03  1.2372e-03  3.7026e-03  -1.45961962e+04  -1.45601221e+04     17.64     65.751  0  0.000e+00  0.000e+00
  3700  2.1030e-03  3.6508e-03  1.0668e-03  3.6508e-03  -1.45957522e+04  -1.45646423e+04     17.23     66.194  0  0.000e+00  0.000e+00
  3725  2.2686e-03  3.7122e-03  7.7137e-04  3.7122e-03  -1.45958443e+04  -1.45733433e+04     17.22     66.630  0  0.000e+00  0.000e+00
  3750  2.2451e-03  3.6835e-03  1.0355e-03  3.6835e-03  -1.45941035e+04  -1.45639108e+04     17.59     67.074  0  0.000e+00  0.000e+00
  3775  2.0483e-03  3.6558e-03  1.1325e-03  3.6558e-03  -1.45985970e+04  -1.45655670e+04     18.08     67.521  0  0.000e+00  0.000e+00
  3800  2.0668e-03  3.6547e-03  9.1276e-04  3.6547e-03  -1.45975072e+04  -1.45708826e+04     17.68     67.963  0  0.000e+00  0.000e+00
  3825  2.1724e-03  3.6608e-03  1.0138e-03  3.6608e-03  -1.45984221e+04  -1.45688512e+04     17.25     68.401  0  0.000e+00  0.000e+00
  3850  2.0763e-03  3.7041e-03  9.0979e-04  3.7041e-03  -1.45978522e+04  -1.45713136e+04     17.20     68.834  0  0.000e+00  0.000e+00
  3875  2.1079e-03  3.7418e-03  1.0194e-03  3.7418e-03  -1.45984396e+04  -1.45687049e+04     17.25     69.271  0  0.000e+00  0.000e+00
  3900  2.0406e-03  3.6538e-03  1.1762e-03  3.6538e-03  -1.45990683e+04  -1.45647658e+04     17.40     69.707  0  0.000e+00  0.000e+00
  3925  2.1708e-03  3.6863e-03  1.1724e-03  3.6863e-03  -1.45995843e+04  -1.45653899e+04     17.32     70.152  0  0.000e+00  0.000e+00
  3950  2.1751e-03  3.6887e-03  1.2193e-03  3.6887e-03  -1.45986462e+04  -1.45630893e+04     18.27     70.595  0  0.000e+00  0.000e+00
  3975  2.3411e-03  3.6626e-03  1.0083e-03  3.6626e-03  -1.46011417e+04  -1.45717249e+04     17.18     71.038  0  0.000e+00  0.000e+00
  4000  2.1131e-03  3.6940e-03  7.8734e-04  3.6940e-03  -1.46015347e+04  -1.45785593e+04     17.67     71.475  0  0.000e+00  0.000e+00
  4025  2.4183e-03  3.7151e-03  1.0213e-03  3.7151e-03  -1.46031282e+04  -1.45733282e+04     17.44     71.917  0  0.000e+00  0.000e+00
  4050  2.2079e-03  3.6939e-03  8.8830e-04  3.6939e-03  -1.46027958e+04  -1.45768746e+04     17.35     72.367  0  0.000e+00  0.000e+00
  4075  2.3509e-03  3.6906e-03  9.6273e-04  3.6906e-03  -1.46004578e+04  -1.45723712e+04     17.19     72.799  0  0.000e+00  0.000e+00
  4100  2.1180e-03  3.6977e-03  1.1033e-03  3.6977e-03  -1.46026946e+04  -1.45705078e+04     18.02     73.247  0  0.000e+00  0.000e+00
  4125  2.0598e-03  3.6738e-03  8.7634e-04  3.6738e-03  -1.46027512e+04  -1.45771787e+04     17.16     73.691  0  0.000e+00  0.000e+00
  4150  2.1327e-03  3.7547e-03  9.2088e-04  3.7547e-03  -1.46024406e+04  -1.45755702e+04     17.53     74.124  0  0.000e+00  0.000e+00
  4175  2.1522e-03  3.7224e-03  9.2048e-04  3.7224e-03  -1.46019714e+04  -1.45751137e+04     18.52     74.568  0  0.000e+00  0.000e+00
  4200  2.1942e-03  3.6999e-03  9.4407e-04  3.6999e-03  -1.46049854e+04  -1.45774343e+04     17.75     75.011  0  0.000e+00  0.000e+00
  4225  2.0908e-03  3.6662e-03  9.2471e-04  3.6662e-03  -1.46056305e+04  -1.45786426e+04     17.15     75.452  0  0.000e+00  0.000e+00
  4250  2.3114e-03  3.6710e-03  6.4364e-04  3.6710e-03  -1.46034213e+04  -1.45846342e+04     17.40     75.895  0  0.000e+00  0.000e+00
  4275  2.2092e-03  3.6663e-03  8.3681e-04  3.6663e-03  -1.46021696e+04  -1.45777506e+04     17.62     76.338  0  0.000e+00  0.000e+00
  4300  2.2421e-03  3.6414e-03  8.8955e-04  3.6414e-03  -1.46044306e+04  -1.45784700e+04     17.23     76.771  0  0.000e+00  0.000e+00
  4325  2.0244e-03  3.6103e-03  5.4374e-04  3.6103e-03  -1.46046232e+04  -1.45887490e+04     17.12     77.211  0  0.000e+00  0.000e+00
  4350  2.2127e-03  3.5814e-03  3.5858e-04  3.5814e-03  -1.46036681e+04  -1.45931982e+04     17.29     77.647  0  0.000e+00  0.000e+00
  4375  2.2097e-03  3.6050e-03  5.0443e-04  3.6050e-03  -1.46040357e+04  -1.45893090e+04     18.51     78.083  0  0.000e+00  0.000e+00
  4400  2.2847e-03  3.6320e-03  5.4160e-04  3.6320e-03  -1.46047959e+04  -1.45889840e+04     17.32     78.528  0  0.000e+00  0.000e+00
  4425  2.1571e-03  3.5584e-03  4.0751e-04  3.5584e-03  -1.46040192e+04  -1.45921211e+04     17.26     78.960  0  0.000e+00  0.000e+00
  4450  2.0777e-03  3.5510e-03  4.4703e-04  3.5510e-03  -1.46036682e+04  -1.45906171e+04     17.52     79.401  0  0.000e+00  0.000e+00
  4475  2.1634e-03  3.5764e-03  6.0276e-04  3.5764e-03  -1.46032384e+04  -1.45856439e+04     17.70     79.849  0  0.000e+00  0.000e+00
  4500  2.1862e-03  3.4836e-03  6.6270e-04  3.4836e-03  -1.46044631e+04  -1.45851186e+04     17.27     80.285  0  0.000e+00  0.000e+00
  4525  2.0950e-03  3.4910e-03  5.9820e-04  3.4910e-03  -1.46056987e+04  -1.45882344e+04     17.88     80.726  0  0.000e+00  0.000e+00
  4550  2.0443e-03  3.5306e-03  3.2907e-04  3.5306e-03  -1.46067132e+04  -1.45971026e+04     18.46     81.171  0  0.000e+00  0.000e+00
  4575  2.0375e-03  3.5439e-03  2.8315e-04  3.5439e-03  -1.46045201e+04  -1.45962517e+04     17.52     81.605  0  0.000e+00  0.000e+00
  4600  2.1709e-03  3.5418e-03  5.4997e-04  3.5418e-03  -1.46050903e+04  -1.45890338e+04     17.04     82.035  0  0.000e+00  0.000e+00
  4625  2.1517e-03  3.5654e-03  4.8824e-04  3.5654e-03  -1.46072997e+04  -1.45930425e+04     17.27     82.474  0  0.000e+00  0.000e+00
  4650  2.1512e-03  3.5549e-03  3.8771e-04  3.5549e-03  -1.46064364e+04  -1.45951144e+04     17.25     82.916  0  0.000e+00  0.000e+00
  4675  2.0204e-03  3.5245e-03  6.0013e-04  3.5245e-03  -1.46047937e+04  -1.45872741e+04     17.32     83.354  0  0.000e+00  0.000e+00
  4700  2.2601e-03  3.5534e-03  6.2413e-04  3.5534e-03  -1.46075498e+04  -1.45893265e+04     18.33     83.803  0  0.000e+00  0.000e+00
  4725  2.0266e-03  3.5460e-03  4.5481e-04  3.5460e-03  -1.46070765e+04  -1.45937952e+04     17.71     84.244  0  0.000e+00  0.000e+00
  4750  2.0975e-03  3.5309e-03  7.5964e-04  3.5309e-03  -1.46067586e+04  -1.45845830e+04     17.91     84.684  0  0.000e+00  0.000e+00
  4775  2.0681e-03  3.6461e-03  7.9218e-04  3.6461e-03  -1.46081365e+04  -1.45850096e+04     17.57     85.123  0  0.000e+00  0.000e+00
  4800  2.2800e-03  3.6052e-03  3.8050e-04  3.6052e-03  -1.46090252e+04  -1.45979117e+04     17.60     85.563  0  0.000e+00  0.000e+00
  4825  2.3197e-03  3.6580e-03  4.4538e-04  3.6580e-03  -1.46076091e+04  -1.45946026e+04     17.50     86.005  0  0.000e+00  0.000e+00
  4850  2.3174e-03  3.5487e-03  7.3196e-04  3.5487e-03  -1.46082645e+04  -1.45868942e+04     17.20     86.447  0  0.000e+00  0.000e+00
  4875  2.3636e-03  3.6043e-03  5.8904e-04  3.6043e-03  -1.46108779e+04  -1.45936747e+04     17.65     86.891  0  0.000e+00  0.000e+00
  4900  2.0271e-03  3.5675e-03  5.1069e-04  3.5675e-03  -1.46089333e+04  -1.45940190e+04     17.17     87.325  0  0.000e+00  0.000e+00
  4925  2.0609e-03  3.5417e-03  5.5888e-04  3.5417e-03  -1.46079428e+04  -1.45916231e+04     17.20     87.762  0  0.000e+00  0.000e+00
  4950  2.0772e-03  3.5241e-03  4.9646e-04  3.5241e-03  -1.46080170e+04  -1.45935192e+04     17.79     88.208  0  0.000e+00  0.000e+00
  4975  2.2130e-03  3.5354e-03  4.7969e-04  3.5354e-03  -1.46075859e+04  -1.45935778e+04     18.19     88.652  0  0.000e+00  0.000e+00
  5000  2.1402e-03  3.5540e-03  4.5824e-04  3.5540e-03  -1.46091728e+04  -1.45957895e+04     17.92     89.095  0  0.000e+00  0.000e+00
  5025  2.2327e-03  3.6034e-03  3.0588e-04  3.6034e-03  -1.46107423e+04  -1.46018064e+04     17.22     89.539  0  0.000e+00  0.000e+00
  5050  2.2812e-03  3.6179e-03  2.8678e-04  3.6179e-03  -1.46072245e+04  -1.45988486e+04     17.43     89.982  0  0.000e+00  0.000e+00
  5075  2.2263e-03  3.5567e-03  4.4544e-04  3.5567e-03  -1.46098894e+04  -1.45968790e+04     17.26     90.420  0  0.000e+00  0.000e+00
  5100  2.0782e-03  3.5662e-03  3.3038e-04  3.5662e-03  -1.46110171e+04  -1.46013657e+04     17.44     90.855  0  0.000e+00  0.000e+00
  5125  2.1299e-03  3.5983e-03  3.1324e-04  3.5983e-03  -1.46090152e+04  -1.45998654e+04     17.04     91.296  0  0.000e+00  0.000e+00
  5150  2.1419e-03  3.5995e-03  5.1375e-04  3.5995e-03  -1.46100071e+04  -1.45950025e+04     17.71     91.742  0  0.000e+00  0.000e+00
  5175  2.1573e-03  3.5774e-03  4.1220e-04  3.5774e-03  -1.46135089e+04  -1.46014659e+04     17.96     92.181  0  0.000e+00  0.000e+00
  5200  2.1069e-03  3.6021e-03  2.3012e-04  3.6021e-03  -1.46089643e+04  -1.46022419e+04     17.11     92.615  0  0.000e+00  0.000e+00
  5225  2.2632e-03  3.6410e-03  3.1716e-04  3.6410e-03  -1.46093000e+04  -1.46000358e+04     17.58     93.056  0  0.000e+00  0.000e+00
  5250  2.1833e-03  3.5839e-03  4.7745e-04  3.5839e-03  -1.46106750e+04  -1.45967294e+04     18.62     93.502  0  0.000e+00  0.000e+00
  5275  2.0564e-03  3.5564e-03  4.2924e-04  3.5564e-03  -1.46115727e+04  -1.45990339e+04     17.91     93.943  0  0.000e+00  0.000e+00
  5300  2.1326e-03  3.6225e-03  2.4678e-04  3.6225e-03  -1.46122382e+04  -1.46050277e+04     17.53     94.382  0  0.000e+00  0.000e+00
  5325  2.2162e-03  3.6844e-03  2.7152e-04  3.6844e-03  -1.46120914e+04  -1.46041584e+04     17.39     94.822  0  0.000e+00  0.000e+00
  5350  2.2497e-03  3.6523e-03  3.1451e-04  3.6523e-03  -1.46117658e+04  -1.46025773e+04     17.34     95.267  0  0.000e+00  0.000e+00
  5375  2.0856e-03  3.6722e-03  2.1068e-05  3.6722e-03  -1.46119235e+04  -1.46113078e+04     17.79     95.711  0  0.000e+00  0.000e+00
  5400  2.3363e-03  3.6172e-03  5.7213e-06  3.6172e-03  -1.46114481e+04  -1.46116153e+04     18.26     96.151  0  0.000e+00  0.000e+00
  5425  2.2185e-03  3.6334e-03  8.3729e-05  3.6334e-03  -1.46107998e+04  -1.46083533e+04     17.44     96.595  0  0.000e+00  0.000e+00
  5450  2.0944e-03  3.6353e-03  5.7420e-05  3.6353e-03  -1.46120183e+04  -1.46103403e+04     17.27     97.039  0  0.000e+00  0.000e+00
  5475  2.1751e-03  3.6157e-03  4.0465e-06  3.6157e-03  -1.46112696e+04  -1.46113878e+04     17.47     97.479  0  0.000e+00  0.000e+00
  5500  2.0961e-03  3.6743e-03  1.3168e-04  3.6743e-03  -1.46129072e+04  -1.46090591e+04     17.17     97.915  0  0.000e+00  0.000e+00
  5525  2.1221e-03  3.6258e-03  7.2040e-06  3.6258e-03  -1.46128097e+04  -1.46125991e+04     17.67     98.352  0  0.000e+00  0.000e+00
  5550  2.2428e-03  3.6551e-03  1.4233e-05  3.6551e-03  -1.46125498e+04  -1.46129658e+04     17.39     98.794  0  0.000e+00  0.000e+00
  5575  2.0560e-03  3.5424e-03  1.3784e-04  3.5424e-03  -1.46136034e+04  -1.46095751e+04     17.69     99.241  0  0.000e+00  0.000e+00
  5600  2.1961e-03  3.5967e-03  2.9465e-05  3.5967e-03  -1.46130392e+04  -1.46121780e+04     17.44     99.677  0  0.000e+00  0.000e+00
  5625  2.2185e-03  3.5840e-03  1.8950e-04  3.5840e-03  -1.46137223e+04  -1.46081845e+04     17.18    100.113  0  0.000e+00  0.000e+00
  5650  2.1693e-03  3.6246e-03  3.3587e-04  3.6246e-03  -1.46151323e+04  -1.46053177e+04     17.99    100.558  0  0.000e+00  0.000e+00
  5675  1.9636e-03  3.6381e-03  1.4073e-04  3.6381e-03  -1.46145880e+04  -1.46104751e+04     18.34    101.001  0  0.000e+00  0.000e+00
  5700  2.0734e-03  3.6247e-03  8.1258e-05  3.6247e-03  -1.46155755e+04  -1.46132003e+04     17.15    101.444  0  0.000e+00  0.000e+00
  5725  2.1616e-03  3.6039e-03  3.2157e-05  3.6039e-03  -1.46152688e+04  -1.46143288e+04     17.18    101.886  0  0.000e+00  0.000e+00
  5750  2.3222e-03  3.6197e-03  1.8307e-04  3.6197e-03  -1.46156895e+04  -1.46210420e+04     17.48    102.326  0  0.000e+00  0.000e+00
  5775  2.1060e-03  3.7029e-03  2.1260e-04  3.7029e-03  -1.46124938e+04  -1.46187087e+04     17.31    102.766  0  0.000e+00  0.000e+00
  5800  2.0836e-03  3.6654e-03  1.4628e-04  3.6654e-03  -1.46130630e+04  -1.46173388e+04     17.53    103.201  0  0.000e+00  0.000e+00
  5825  2.1485e-03  3.6722e-03  1.5082e-04  3.6722e-03  -1.46148427e+04  -1.46192521e+04     17.29    103.643  0  0.000e+00  0.000e+00
  5850  2.3082e-03  3.7400e-03  2.9055e-04  3.7400e-03  -1.46132247e+04  -1.46217193e+04     17.35    104.078  0  0.000e+00  0.000e+00
  5875  2.2587e-03  3.6694e-03  1.1538e-04  3.6694e-03  -1.46153059e+04  -1.46186791e+04     17.39    104.522  0  0.000e+00  0.000e+00
  5900  2.0926e-03  3.6685e-03  1.6234e-04  3.6685e-03  -1.46128420e+04  -1.46175875e+04     17.74    104.968  0  0.000e+00  0.000e+00
  5925  2.1192e-03  3.6861e-03  2.6518e-05  3.6861e-03  -1.46136373e+04  -1.46144124e+04     17.61    105.410  0  0.000e+00  0.000e+00
  5950  2.0987e-03  3.6714e-03  2.2631e-04  3.6714e-03  -1.46137515e+04  -1.46071384e+04     17.26    105.852  0  0.000e+00  0.000e+00
  5975  2.1717e-03  3.7354e-03  3.7255e-04  3.7354e-03  -1.46153439e+04  -1.46044577e+04     17.48    106.289  0  0.000e+00  0.000e+00
  6000  2.0163e-03  3.6864e-03  3.4394e-04  3.6864e-03  -1.46145941e+04  -1.46045442e+04     18.09    106.729  0  0.000e+00  0.000e+00
  6025  2.1526e-03  3.7049e-03  2.4235e-04  3.7049e-03  -1.46148791e+04  -1.46077968e+04     17.39    107.174  0  0.000e+00  0.000e+00
  6050  2.1340e-03  3.7866e-03  7.5018e-05  3.7866e-03  -1.46155617e+04  -1.46133690e+04     18.01    107.622  0  0.000e+00  0.000e+00
  6075  2.2067e-03  3.7362e-03  3.7497e-05  3.7362e-03  -1.46153347e+04  -1.46142386e+04     17.34    108.065  0  0.000e+00  0.000e+00
  6100  2.1996e-03  3.7710e-03  1.4355e-04  3.7710e-03  -1.46148870e+04  -1.46106916e+04     17.21    108.499  0  0.000e+00  0.000e+00
  6125  2.2406e-03  3.7164e-03  1.6173e-04  3.7164e-03  -1.46175680e+04  -1.46128406e+04     17.28    108.932  0  0.000e+00  0.000e+00
  6150  2.2036e-03  3.7428e-03  1.8357e-04  3.7428e-03  -1.46152040e+04  -1.46098391e+04     17.53    109.368  0  0.000e+00  0.000e+00
  6175  2.3553e-03  3.6936e-03  4.0623e-04  3.6936e-03  -1.46177616e+04  -1.46058896e+04     17.24    109.811  0  0.000e+00  0.000e+00
  6200  2.1337e-03  3.7193e-03  1.4418e-05  3.7193e-03  -1.46170126e+04  -1.46165911e+04     17.26    110.249  0  0.000e+00  0.000e+00
  6225  2.3108e-03  3.7053e-03  1.1732e-04  3.7053e-03  -1.46160649e+04  -1.46194950e+04     17.64    110.692  0  0.000e+00  0.000e+00
  6250  2.0863e-03  3.7045e-03  6.3964e-05  3.7045e-03  -1.46143867e+04  -1.46125172e+04     18.20    111.135  0  0.000e+00  0.000e+00
  6275  2.1118e-03  3.6901e-03  4.2411e-05  3.6901e-03  -1.46166963e+04  -1.46179362e+04     17.69    111.578  0  0.000e+00  0.000e+00
  6300  2.3398e-03  3.7207e-03  3.6814e-04  3.7207e-03  -1.46171358e+04  -1.46279024e+04     17.30    112.020  0  0.000e+00  0.000e+00
  6325  2.2356e-03  3.6870e-03  3.9335e-04  3.6870e-03  -1.46137308e+04  -1.46252322e+04     17.35    112.467  0  0.000e+00  0.000e+00
  6350  2.1505e-03  3.7391e-03  1.7836e-04  3.7391e-03  -1.46144488e+04  -1.46196632e+04     17.74    112.908  0  0.000e+00  0.000e+00
  6375  2.2522e-03  3.6734e-03  1.7473e-04  3.6734e-03  -1.46179962e+04  -1.46231057e+04     17.11    113.343  0  0.000e+00  0.000e+00
  6400  2.1118e-03  3.6618e-03  4.3262e-04  3.6618e-03  -1.46174163e+04  -1.46300698e+04     17.21    113.779  0  0.000e+00  0.000e+00
  6425  2.0762e-03  3.7437e-03  2.2056e-04  3.7437e-03  -1.46140750e+04  -1.46205231e+04     17.61    114.213  0  0.000e+00  0.000e+00
  6450  2.0994e-03  3.6896e-03  5.4770e-05  3.6896e-03  -1.46150385e+04  -1.46166396e+04     17.28    114.660  0  0.000e+00  0.000e+00
  6475  2.3122e-03  3.6642e-03  2.0628e-04  3.6642e-03  -1.46154661e+04  -1.46214972e+04     17.29    115.093  0  0.000e+00  0.000e+00
  6500  2.0967e-03  3.7065e-03  2.5152e-04  3.7065e-03  -1.46176282e+04  -1.46249835e+04     17.47    115.538  0  0.000e+00  0.000e+00
  6525  2.1485e-03  3.6841e-03  8.0306e-05  3.6841e-03  -1.46177577e+04  -1.46154101e+04     17.64    115.981  0  0.000e+00  0.000e+00
  6550  2.1644e-03  3.7541e-03  1.8665e-05  3.7541e-03  -1.46193883e+04  -1.46188426e+04     17.52    116.416  0  0.000e+00  0.000e+00
  6575  2.0874e-03  3.7171e-03  2.5517e-04  3.7171e-03  -1.46180968e+04  -1.46255592e+04     17.57    116.857  0  0.000e+00  0.000e+00
  6600  2.0665e-03  3.7040e-03  2.3642e-04  3.7040e-03  -1.46168485e+04  -1.46237619e+04     17.77    117.299  0  0.000e+00  0.000e+00
  6625  2.2040e-03  3.7260e-03  1.2229e-04  3.7260e-03  -1.46169044e+04  -1.46204800e+04     17.22    117.731  0  0.000e+00  0.000e+00
  6650  2.0713e-03  3.6923e-03  1.6910e-04  3.6923e-03  -1.46172631e+04  -1.46222077e+04     17.26    118.170  0  0.000e+00  0.000e+00
  6675  2.1704e-03  3.7120e-03  3.1729e-04  3.7120e-03  -1.46167223e+04  -1.46260009e+04     18.31    118.619  0  0.000e+00  0.000e+00
  6700  2.2728e-03  3.7302e-03  2.6825e-04  3.7302e-03  -1.46172010e+04  -1.46250454e+04     17.36    119.058  0  0.000e+00  0.000e+00
  6725  2.1304e-03  3.7031e-03  3.4171e-04  3.7031e-03  -1.46148669e+04  -1.46248586e+04     18.52    119.497  0  0.000e+00  0.000e+00
  6750  2.1224e-03  3.7494e-03  3.4333e-04  3.7494e-03  -1.46162139e+04  -1.46262542e+04     17.47    119.938  0  0.000e+00  0.000e+00
  6775  2.0546e-03  3.7026e-03  3.6038e-04  3.7026e-03  -1.46165777e+04  -1.46271171e+04     17.20    120.379  0  0.000e+00  0.000e+00
  6800  2.1221e-03  3.7248e-03  3.2896e-04  3.7248e-03  -1.46163685e+04  -1.46259884e+04     17.20    120.819  0  0.000e+00  0.000e+00
  6825  2.2276e-03  3.7643e-03  3.6069e-04  3.7643e-03  -1.46166093e+04  -1.46271575e+04     17.20    121.251  0  0.000e+00  0.000e+00
  6850  2.2463e-03  3.7728e-03  4.2080e-04  3.7728e-03  -1.46153533e+04  -1.46276593e+04     17.28    121.683  0  0.000e+00  0.000e+00
  6875  2.0746e-03  3.6997e-03  4.7437e-04  3.6997e-03  -1.46143104e+04  -1.46281827e+04     17.33    122.119  0  0.000e+00  0.000e+00
  6900  2.1432e-03  3.7672e-03  3.8140e-04  3.7672e-03  -1.46165992e+04  -1.46277535e+04     17.24    122.559  0  0.000e+00  0.000e+00
  6925  2.2391e-03  3.6949e-03  5.1816e-04  3.6949e-03  -1.46190116e+04  -1.46341699e+04     17.27    122.997  0  0.000e+00  0.000e+00
  6950  2.2937e-03  3.7844e-03  4.4099e-04  3.7844e-03  -1.46176456e+04  -1.46305443e+04     17.33    123.436  0  0.000e+00  0.000e+00
  6975  2.2677e-03  3.7855e-03  1.3040e-04  3.7855e-03  -1.46197517e+04  -1.46235652e+04     17.23    123.876  0  0.000e+00  0.000e+00
  7000  2.1610e-03  3.7292e-03  2.7160e-04  3.7292e-03  -1.46199695e+04  -1.46279135e+04     18.19    124.322  0  0.000e+00  0.000e+00
  7025  2.3542e-03  3.7620e-03  3.9581e-04  3.7620e-03  -1.46189306e+04  -1.46305081e+04     17.51    124.761  0  0.000e+00  0.000e+00
  7050  2.1090e-03  3.7268e-03  2.6998e-04  3.7268e-03  -1.46192793e+04  -1.46271755e+04     17.83    125.201  0  0.000e+00  0.000e+00
  7075  2.2006e-03  3.7405e-03  4.0904e-04  3.7405e-03  -1.46193424e+04  -1.46313075e+04     17.35    125.634  0  0.000e+00  0.000e+00
  7100  2.1076e-03  3.7351e-03  6.0639e-04  3.7351e-03  -1.46187475e+04  -1.46364881e+04     17.67    126.073  0  0.000e+00  0.000e+00
  7125  2.0425e-03  3.8034e-03  6.4711e-04  3.8034e-03  -1.46176683e+04  -1.46365995e+04     18.86    126.519  0  0.000e+00  0.000e+00
  7150  2.1713e-03  3.7814e-03  5.9368e-04  3.7814e-03  -1.46199626e+04  -1.46373327e+04     17.51    126.964  0  0.000e+00  0.000e+00
  7175  2.1945e-03  3.7755e-03  5.2955e-04  3.7755e-03  -1.46197175e+04  -1.46352099e+04     17.33    127.412  0  0.000e+00  0.000e+00
  7200  2.1173e-03  3.7847e-03  4.1340e-04  3.7847e-03  -1.46202810e+04  -1.46323745e+04     17.51    127.854  0  0.000e+00  0.000e+00
  7225  2.0779e-03  3.7621e-03  4.9032e-04  3.7621e-03  -1.46193252e+04  -1.46336692e+04     18.11    128.294  0  0.000e+00  0.000e+00
  7250  2.0431e-03  3.7703e-03  5.3290e-04  3.7703e-03  -1.46195374e+04  -1.46351276e+04     17.73    128.735  0  0.000e+00  0.000e+00
  7275  2.1671e-03  3.7359e-03  4.0414e-04  3.7359e-03  -1.46190819e+04  -1.46309035e+04     17.87    129.173  0  0.000e+00  0.000e+00
  7300  2.1978e-03  3.7088e-03  4.9682e-04  3.7088e-03  -1.46174797e+04  -1.46320120e+04     17.64    129.610  0  0.000e+00  0.000e+00
  7325  2.1853e-03  3.7611e-03  5.6266e-04  3.7611e-03  -1.46186225e+04  -1.46350829e+04     17.18    130.051  0  0.000e+00  0.000e+00
  7350  2.0878e-03  3.6941e-03  4.2620e-04  3.6941e-03  -1.46196727e+04  -1.46321401e+04     17.68    130.487  0  0.000e+00  0.000e+00
  7375  2.2155e-03  3.7683e-03  6.6255e-04  3.7683e-03  -1.46181943e+04  -1.46375782e+04     18.33    130.928  0  0.000e+00  0.000e+00
  7400  2.1580e-03  3.7946e-03  6.3118e-04  3.7946e-03  -1.46195946e+04  -1.46380621e+04     17.39    131.372  0  0.000e+00  0.000e+00
  7425  2.1158e-03  3.7301e-03  6.2444e-04  3.7301e-03  -1.46182807e+04  -1.46365492e+04     17.51    131.808  0  0.000e+00  0.000e+00
  7450  2.1293e-03  3.7476e-03  5.8719e-04  3.7476e-03  -1.46211846e+04  -1.46383661e+04     17.65    132.244  0  0.000e+00  0.000e+00
  7475  2.5136e-03  3.8199e-03  8.1595e-04  3.8199e-03  -1.46198445e+04  -1.46437229e+04     17.58    132.687  0  0.000e+00  0.000e+00
  7500  2.0916e-03  3.7367e-03  9.4853e-04  3.7367e-03  -1.46187059e+04  -1.46464658e+04     17.34    133.133  0  0.000e+00  0.000e+00
  7525  2.2880e-03  3.7471e-03  7.6638e-04  3.7471e-03  -1.46190192e+04  -1.46414444e+04     17.28    133.571  0  0.000e+00  0.000e+00
  7550  2.1379e-03  3.7042e-03  7.3054e-04  3.7042e-03  -1.46203990e+04  -1.46417768e+04     17.31    134.010  0  0.000e+00  0.000e+00
  7575  2.2033e-03  3.7461e-03  9.3276e-04  3.7461e-03  -1.46229461e+04  -1.46502520e+04     17.75    134.457  0  0.000e+00  0.000e+00
  7600  2.1216e-03  3.7403e-03  1.0528e-03  3.7403e-03  -1.46201227e+04  -1.46509389e+04     17.68    134.893  0  0.000e+00  0.000e+00
  7625  2.0877e-03  3.7651e-03  9.2772e-04  3.7651e-03  -1.46215930e+04  -1.46487485e+04     17.27    135.328  0  0.000e+00  0.000e+00
  7650  2.2501e-03  3.8004e-03  1.0482e-03  3.8004e-03  -1.46205975e+04  -1.46512820e+04     17.35    135.766  0  0.000e+00  0.000e+00
  7675  2.1146e-03  3.7459e-03  8.1889e-04  3.7459e-03  -1.46212885e+04  -1.46452553e+04     17.20    136.207  0  0.000e+00  0.000e+00
  7700  2.2067e-03  3.8044e-03  7.6627e-04  3.8044e-03  -1.46202494e+04  -1.46426734e+04     17.65    136.653  0  0.000e+00  0.000e+00
  7725  2.1610e-03  3.7106e-03  8.0805e-04  3.7106e-03  -1.46228970e+04  -1.46465491e+04     18.20    137.092  0  0.000e+00  0.000e+00
  7750  2.1207e-03  3.7473e-03  9.2968e-04  3.7473e-03  -1.46214661e+04  -1.46486789e+04     17.20    137.539  0  0.000e+00  0.000e+00
  7775  2.1630e-03  3.7698e-03  9.7276e-04  3.7698e-03  -1.46204643e+04  -1.46489374e+04     17.51    137.984  0  0.000e+00  0.000e+00
  7800  2.1143e-03  3.7642e-03  9.4644e-04  3.7642e-03  -1.46200935e+04  -1.46477947e+04     17.60    138.425  0  0.000e+00  0.000e+00
  7825  2.2423e-03  3.8181e-03  9.4508e-04  3.8181e-03  -1.46194127e+04  -1.46470728e+04     18.57    138.870  0  0.000e+00  0.000e+00
  7850  2.5347e-03  3.8391e-03  8.0683e-04  3.8391e-03  -1.46195058e+04  -1.46431165e+04     17.91    139.312  0  0.000e+00  0.000e+00
  7875  2.1175e-03  3.7548e-03  6.8761e-04  3.7548e-03  -1.46209122e+04  -1.46410336e+04     17.26    139.754  0  0.000e+00  0.000e+00
  7900  2.1261e-03  3.7283e-03  6.4098e-04  3.7283e-03  -1.46204819e+04  -1.46392374e+04     17.18    140.195  0  0.000e+00  0.000e+00
  7925  2.1482e-03  3.7741e-03  6.2927e-04  3.7741e-03  -1.46213761e+04  -1.46397897e+04     18.00    140.641  0  0.000e+00  0.000e+00
  7950  2.2386e-03  3.8430e-03  6.4194e-04  3.8430e-03  -1.46213678e+04  -1.46401525e+04     17.51    141.086  0  0.000e+00  0.000e+00
  7975  2.1602e-03  3.7729e-03  6.3364e-04  3.7729e-03  -1.46218054e+04  -1.46403477e+04     17.13    141.524  0  0.000e+00  0.000e+00
  8000  2.1952e-03  3.7464e-03  7.6242e-04  3.7464e-03  -1.46226574e+04  -1.46449725e+04     17.26    141.963  0  0.000e+00  0.000e+00
  8025  2.1336e-03  3.7283e-03  1.0890e-03  3.7283e-03  -1.46226832e+04  -1.46545658e+04     18.16    142.400  0  0.000e+00  0.000e+00
  8050  2.1481e-03  3.7827e-03  1.0547e-03  3.7827e-03  -1.46190545e+04  -1.46499248e+04     17.56    142.843  0  0.000e+00  0.000e+00
  8075  2.1741e-03  3.6934e-03  7.8530e-04  3.6934e-03  -1.46202595e+04  -1.46432409e+04     17.71    143.291  0  0.000e+00  0.000e+00
  8100  2.0086e-03  3.7330e-03  7.6981e-04  3.7330e-03  -1.46217083e+04  -1.46442382e+04     17.75    143.733  0  0.000e+00  0.000e+00
  8125  2.1361e-03  3.7116e-03  9.0242e-04  3.7116e-03  -1.46214261e+04  -1.46478402e+04     18.71    144.175  0  0.000e+00  0.000e+00
  8150  2.1277e-03  3.7772e-03  9.2711e-04  3.7772e-03  -1.46235454e+04  -1.46506866e+04     17.41    144.619  0  0.000e+00  0.000e+00
  8175  2.2745e-03  3.7602e-03  9.4768e-04  3.7602e-03  -1.46214755e+04  -1.46492158e+04     17.51    145.058  0  0.000e+00  0.000e+00
  8200  2.0755e-03  3.7188e-03  9.8380e-04  3.7188e-03  -1.46216569e+04  -1.46504557e+04     17.24    145.499  0  0.000e+00  0.000e+00
  8225  2.1327e-03  3.7404e-03  1.0073e-03  3.7404e-03  -1.46222274e+04  -1.46517164e+04     17.27    145.938  0  0.000e+00  0.000e+00
  8250  2.1962e-03  3.7304e-03  1.0027e-03  3.7304e-03  -1.46222291e+04  -1.46515836e+04     17.72    146.383  0  0.000e+00  0.000e+00
  8275  2.1618e-03  3.7189e-03  9.6584e-04  3.7189e-03  -1.46202336e+04  -1.46485033e+04     17.15    146.818  0  0.000e+00  0.000e+00
  8300  2.1547e-03  3.6933e-03  8.8328e-04  3.6933e-03  -1.46235409e+04  -1.46493981e+04     17.37    147.255  0  0.000e+00  0.000e+00
  8325  2.0500e-03  3.6885e-03  1.0903e-03  3.6885e-03  -1.46206644e+04  -1.46525826e+04     18.00    147.702  0  0.000e+00  0.000e+00
  8350  2.0832e-03  3.7077e-03  1.0962e-03  3.7077e-03  -1.46221800e+04  -1.46542738e+04     17.48    148.140  0  0.000e+00  0.000e+00
  8375  2.1362e-03  3.6796e-03  1.1027e-03  3.6796e-03  -1.46220034e+04  -1.46542883e+04     18.00    148.581  0  0.000e+00  0.000e+00
  8400  2.0436e-03  3.7138e-03  1.1695e-03  3.7138e-03  -1.46216279e+04  -1.46558686e+04     18.37    149.025  0  0.000e+00  0.000e+00
  8425  2.0707e-03  3.7379e-03  1.2522e-03  3.7379e-03  -1.46199641e+04  -1.46566267e+04     17.38    149.471  0  0.000e+00  0.000e+00
  8450  2.2793e-03  3.7564e-03  1.2067e-03  3.7564e-03  -1.46196297e+04  -1.46549556e+04     17.39    149.913  0  0.000e+00  0.000e+00
  8475  2.0920e-03  3.7118e-03  9.6224e-04  3.7118e-03  -1.46215563e+04  -1.46497234e+04     17.89    150.356  0  0.000e+00  0.000e+00
  8500  2.0194e-03  3.7124e-03  1.1032e-03  3.7124e-03  -1.46214921e+04  -1.46537899e+04     17.48    150.792  0  0.000e+00  0.000e+00
  8525  2.2443e-03  3.7283e-03  1.2844e-03  3.7283e-03  -1.46198688e+04  -1.46574727e+04     18.13    151.235  0  0.000e+00  0.000e+00
  8550  2.0701e-03  3.6899e-03  1.1864e-03  3.6899e-03  -1.46194697e+04  -1.46542015e+04     17.81    151.675  0  0.000e+00  0.000e+00
  8575  2.0776e-03  3.7353e-03  1.0282e-03  3.7353e-03  -1.46203851e+04  -1.46504837e+04     17.73    152.115  0  0.000e+00  0.000e+00
  8600  2.0462e-03  3.6828e-03  1.0575e-03  3.6828e-03  -1.46199982e+04  -1.46509524e+04     17.97    152.551  0  0.000e+00  0.000e+00
  8625  2.1569e-03  3.7454e-03  1.0042e-03  3.7454e-03  -1.46189402e+04  -1.46483302e+04     18.40    152.993  0  0.000e+00  0.000e+00
  8650  2.1149e-03  3.7639e-03  1.0171e-03  3.7639e-03  -1.46202962e+04  -1.46500679e+04     17.62    153.436  0  0.000e+00  0.000e+00
  8675  2.1960e-03  3.7616e-03  1.0884e-03  3.7616e-03  -1.46194532e+04  -1.46513113e+04     17.23    153.882  0  0.000e+00  0.000e+00
  8700  2.3028e-03  3.7227e-03  1.0992e-03  3.7227e-03  -1.46195369e+04  -1.46517130e+04     17.23    154.321  0  0.000e+00  0.000e+00
  8725  2.2314e-03  3.7722e-03  1.2614e-03  3.7722e-03  -1.46183281e+04  -1.46552556e+04     17.65    154.763  0  0.000e+00  0.000e+00
  8750  2.1618e-03  3.7750e-03  1.1128e-03  3.7750e-03  -1.46183759e+04  -1.46509467e+04     18.67    155.209  0  0.000e+00  0.000e+00
  8775  2.4350e-03  3.7671e-03  1.0064e-03  3.7671e-03  -1.46204704e+04  -1.46499282e+04     17.81    155.652  0  0.000e+00  0.000e+00
  8800  2.2388e-03  3.7549e-03  1.0463e-03  3.7549e-03  -1.46201704e+04  -1.46507972e+04     17.38    156.098  0  0.000e+00  0.000e+00
  8825  2.0318e-03  3.6710e-03  1.0119e-03  3.6710e-03  -1.46197365e+04  -1.46493535e+04     17.22    156.532  0  0.000e+00  0.000e+00
  8850  2.2908e-03  3.7002e-03  8.1789e-04  3.7002e-03  -1.46236050e+04  -1.46475465e+04     17.75    156.980  0  0.000e+00  0.000e+00
  8875  2.2022e-03  3.7018e-03  8.1690e-04  3.7018e-03  -1.46232518e+04  -1.46471637e+04     17.54    157.418  0  0.000e+00  0.000e+00
  8900  2.2242e-03  3.7683e-03  9.4650e-04  3.7683e-03  -1.46219586e+04  -1.46496652e+04     17.65    157.865  0  0.000e+00  0.000e+00
  8925  2.0979e-03  3.7085e-03  1.1297e-03  3.7085e-03  -1.46211319e+04  -1.46542050e+04     17.49    158.301  0  0.000e+00  0.000e+00
  8950  2.2155e-03  3.6864e-03  9.4927e-04  3.6864e-03  -1.46210295e+04  -1.46488153e+04     17.52    158.742  0  0.000e+00  0.000e+00
  8975  2.1487e-03  3.7028e-03  8.1156e-04  3.7028e-03  -1.46255855e+04  -1.46493447e+04     17.92    159.193  0  0.000e+00  0.000e+00
  9000  2.2336e-03  3.7453e-03  1.3353e-03  3.7453e-03  -1.46234790e+04  -1.46625855e+04     17.30    159.630  0  0.000e+00  0.000e+00
  9025  2.1811e-03  3.7214e-03  1.3713e-03  3.7214e-03  -1.46233251e+04  -1.46634861e+04     18.87    160.075  0  0.000e+00  0.000e+00
  9050  2.3884e-03  3.7380e-03  1.1773e-03  3.7380e-03  -1.46241844e+04  -1.46586597e+04     17.54    160.515  0  0.000e+00  0.000e+00
  9075  2.0774e-03  3.6533e-03  1.2465e-03  3.6533e-03  -1.46229656e+04  -1.46594681e+04     17.16    160.957  0  0.000e+00  0.000e+00
  9100  2.3640e-03  3.6987e-03  1.3321e-03  3.6987e-03  -1.46253177e+04  -1.46643346e+04     17.22    161.400  0  0.000e+00  0.000e+00
  9125  2.1310e-03  3.7877e-03  1.4018e-03  3.7877e-03  -1.46227079e+04  -1.46637644e+04     17.24    161.844  0  0.000e+00  0.000e+00
  9150  2.1315e-03  3.7190e-03  1.1872e-03  3.7190e-03  -1.46223526e+04  -1.46571142e+04     18.13    162.288  0  0.000e+00  0.000e+00
  9175  2.0345e-03  3.7341e-03  1.4336e-03  3.7341e-03  -1.46229971e+04  -1.46649849e+04     17.53    162.728  0  0.000e+00  0.000e+00
  9200  2.1592e-03  3.7170e-03  1.5717e-03  3.7170e-03  -1.46215616e+04  -1.46675972e+04     17.41    163.161  0  0.000e+00  0.000e+00
  9225  2.2390e-03  3.7070e-03  1.3035e-03  3.7070e-03  -1.46215548e+04  -1.46597233e+04     17.43    163.597  0  0.000e+00  0.000e+00
  9250  2.0375e-03  3.6599e-03  1.2987e-03  3.6599e-03  -1.46229767e+04  -1.46610079e+04     18.29    164.045  0  0.000e+00  0.000e+00
  9275  2.1099e-03  3.7715e-03  1.4972e-03  3.7715e-03  -1.46232420e+04  -1.46670976e+04     17.44    164.487  0  0.000e+00  0.000e+00
  9300  2.1351e-03  3.7291e-03  1.4213e-03  3.7291e-03  -1.46226964e+04  -1.46643230e+04     17.26    164.929  0  0.000e+00  0.000e+00
  9325  2.1286e-03  3.6993e-03  1.2137e-03  3.6993e-03  -1.46214037e+04  -1.46569404e+04     17.51    165.378  0  0.000e+00  0.000e+00
  9350  2.1760e-03  3.7163e-03  1.1298e-03  3.7163e-03  -1.46233186e+04  -1.46563999e+04     17.32    165.811  0  0.000e+00  0.000e+00
  9375  2.1573e-03  3.7143e-03  1.2683e-03  3.7143e-03  -1.46246115e+04  -1.46617560e+04     18.47    166.260  0  0.000e+00  0.000e+00
  9400  2.2310e-03  3.7839e-03  1.3826e-03  3.7839e-03  -1.46228346e+04  -1.46633264e+04     17.29    166.705  0  0.000e+00  0.000e+00
  9425  2.2129e-03  3.7185e-03  1.2119e-03  3.7185e-03  -1.46247139e+04  -1.46602069e+04     17.27    167.142  0  0.000e+00  0.000e+00
  9450  2.2439e-03  3.7274e-03  1.5482e-03  3.7274e-03  -1.46224540e+04  -1.46678036e+04     17.40    167.586  0  0.000e+00  0.000e+00
  9475  2.1972e-03  3.7602e-03  1.4954e-03  3.7602e-03  -1.46231700e+04  -1.46669734e+04     17.35    168.021  0  0.000e+00  0.000e+00
  9500  2.1199e-03  3.7147e-03  1.3252e-03  3.7147e-03  -1.46238730e+04  -1.46626860e+04     17.60    168.459  0  0.000e+00  0.000e+00
  9525  2.2901e-03  3.6895e-03  1.2415e-03  3.6895e-03  -1.46223010e+04  -1.46586550e+04     17.16    168.902  0  0.000e+00  0.000e+00
  9550  2.0802e-03  3.7267e-03  1.2784e-03  3.7267e-03  -1.46240818e+04  -1.46615215e+04     17.84    169.337  0  0.000e+00  0.000e+00
  9575  2.1161e-03  3.7353e-03  1.4792e-03  3.7353e-03  -1.46241083e+04  -1.46674380e+04     17.59    169.777  0  0.000e+00  0.000e+00
  9600  2.0941e-03  3.7012e-03  1.3938e-03  3.7012e-03  -1.46222353e+04  -1.46630544e+04     17.99    170.226  0  0.000e+00  0.000e+00
  9625  2.1987e-03  3.7306e-03  1.2473e-03  3.7306e-03  -1.46222491e+04  -1.46587732e+04     18.05    170.667  0  0.000e+00  0.000e+00
  9650  2.3494e-03  3.7116e-03  1.3197e-03  3.7116e-03  -1.46256056e+04  -1.46642605e+04     17.53    171.105  0  0.000e+00  0.000e+00
  9675  2.2031e-03  3.7465e-03  1.6635e-03  3.7465e-03  -1.46238166e+04  -1.46725531e+04     17.62    171.545  0  0.000e+00  0.000e+00
  9700  2.0970e-03  3.7300e-03  1.4982e-03  3.7300e-03  -1.46205309e+04  -1.46644071e+04     17.41    171.991  0  0.000e+00  0.000e+00
  9725  2.2154e-03  3.7279e-03  1.1995e-03  3.7279e-03  -1.46223923e+04  -1.46575147e+04     17.34    172.437  0  0.000e+00  0.000e+00
  9750  2.3112e-03  3.7336e-03  1.3468e-03  3.7336e-03  -1.46258615e+04  -1.46653109e+04     17.60    172.880  0  0.000e+00  0.000e+00
  9775  2.1533e-03  3.7369e-03  1.5446e-03  3.7369e-03  -1.46230369e+04  -1.46682829e+04     17.66    173.317  0  0.000e+00  0.000e+00
  9800  2.2832e-03  3.8092e-03  1.1664e-03  3.8092e-03  -1.46221690e+04  -1.46563203e+04     17.93    173.758  0  0.000e+00  0.000e+00
  9825  2.2638e-03  3.7446e-03  8.8592e-04  3.7446e-03  -1.46243822e+04  -1.46503180e+04     17.21    174.201  0  0.000e+00  0.000e+00
  9850  2.2550e-03  3.8160e-03  1.3164e-03  3.8160e-03  -1.46245820e+04  -1.46631386e+04     17.92    174.640  0  0.000e+00  0.000e+00
  9875  2.6015e-03  3.8094e-03  1.5590e-03  3.8094e-03  -1.46235399e+04  -1.46692088e+04     18.26    175.078  0  0.000e+00  0.000e+00
  9900  2.2073e-03  3.7809e-03  1.3094e-03  3.7809e-03  -1.46224326e+04  -1.46607765e+04     17.72    175.518  0  0.000e+00  0.000e+00
  9925  2.2778e-03  3.7771e-03  1.2165e-03  3.7771e-03  -1.46233794e+04  -1.46590030e+04     17.23    175.965  0  0.000e+00  0.000e+00
  9950  2.2215e-03  3.8452e-03  1.4145e-03  3.8452e-03  -1.46255258e+04  -1.46669609e+04     22.66    176.414  0  0.000e+00  0.000e+00
  9975  2.3416e-03  3.8472e-03  1.7107e-03  3.8472e-03  -1.46229381e+04  -1.46730579e+04     17.67    176.938  0  0.000e+00  0.000e+00
 10000  2.1801e-03  3.8738e-03  1.4191e-03  3.8738e-03  -1.46223627e+04  -1.46639245e+04     18.02    177.376  0  0.000e+00  0.000e+00
# symmetry defect eps_sym = ||P-P^T||_F/||P||_F on 420 logged iterates (0 on the deflated path), symmetrize=1:
#   before symmetrization: all mean 0.000e+00 median 0.000e+00 max 0.000e+00 | deflated-path mean 0.000e+00 median 0.000e+00 max 0.000e+00
#   after  symmetrization: all mean 0.000e+00 median 0.000e+00 max 0.000e+00 | deflated-path mean 0.000e+00 median 0.000e+00 max 0.000e+00
# symmetrize=1: 4146.3 ms total (0.415 ms/it), included in proj time
# rank(X) at relative thresholds 1e-6 / 1e-4 / 1e-3 of lambda_max: 2232 / 22 / 22

FINAL problem=data/G59mc.sdp mode=baseline16 sigma=1 iters=10000 | pinf 2.180e-03 dinf 3.874e-03 gap 1.419e-03 eta 3.874e-03 | lmin(X) -2.886e-02 lmin(S) -1.704e-02 eta_full 3.874e-03 | rank(X) 2232/5000 | obj -1.46223627e+04 | proj 177.4 s (17.7 ms/it) wall 185.7 s | symmetrize 1 eps_raw_max 0.000e+00 eps_used_max 0.000e+00
