# max-cut SDP  problem=data/G59mc.sdp n=5000 m=5000 F0_nnz=33858  mode=deflated16 sigma=1 eta_tol=0 window=0.025 gamma=1.1 symmetrize=1  ||C||_F=1.726412e+02
# iter  pinf        dinf        gap         eta         obj_primal      obj_dual        proj_ms  cum_proj_s  deflated  eps_sym_raw  eps_sym_used
     1  3.8332e-01  7.4763e-01  9.9994e-01  9.9994e-01  -1.04800629e+04  +4.90400000e+03    142.54      0.143  0  0.000e+00  0.000e+00
     2  6.4529e-01  3.5434e-01  6.8587e-01  6.8587e-01  -1.54061252e+04  -2.87027767e+03     20.10      0.163  0  0.000e+00  0.000e+00
     3  6.0718e-01  2.2947e-01  4.0797e-01  6.0718e-01  -1.68643969e+04  -7.09091156e+03     20.01      0.183  0  0.000e+00  0.000e+00
     4  4.7686e-01  1.8895e-01  2.6595e-01  4.7686e-01  -1.66136005e+04  -9.63298665e+03     19.98      0.203  0  0.000e+00  0.000e+00
     5  3.4012e-01  1.6436e-01  1.7365e-01  3.4012e-01  -1.57203518e+04  -1.10682711e+04     19.99      0.223  0  0.000e+00  0.000e+00
     6  2.2775e-01  1.4047e-01  1.1089e-01  2.2775e-01  -1.47323069e+04  -1.17911353e+04     19.95      0.243  0  0.000e+00  0.000e+00
     7  1.4900e-01  1.1637e-01  7.0866e-02  1.4900e-01  -1.38933892e+04  -1.20544924e+04     20.19      0.263  0  0.000e+00  0.000e+00
     8  1.0313e-01  9.4707e-02  4.8899e-02  1.0313e-01  -1.32828660e+04  -1.20443361e+04     20.30      0.283  0  0.000e+00  0.000e+00
     9  8.1827e-02  7.7384e-02  4.0714e-02  8.1827e-02  -1.29017607e+04  -1.18922543e+04     20.38      0.303  0  0.000e+00  0.000e+00
    10  7.1584e-02  6.5308e-02  4.2039e-02  7.1584e-02  -1.27189195e+04  -1.16926436e+04     20.27      0.324  0  0.000e+00  0.000e+00
    11  6.2774e-02  5.7967e-02  4.8797e-02  6.2774e-02  -1.26890769e+04  -1.15082648e+04     20.22      0.344  0  0.000e+00  0.000e+00
    12  5.3292e-02  5.3933e-02  5.7502e-02  5.7502e-02  -1.27660781e+04  -1.13777056e+04     20.16      0.364  0  0.000e+00  0.000e+00
    13  4.4514e-02  5.1422e-02  6.5510e-02  6.5510e-02  -1.29070828e+04  -1.13198998e+04     20.06      0.384  0  0.000e+00  0.000e+00
    14  3.8806e-02  4.9299e-02  7.1124e-02  7.1124e-02  -1.30733063e+04  -1.13370753e+04     19.99      0.404  0  0.000e+00  0.000e+00
    15  3.7344e-02  4.7053e-02  7.3722e-02  7.3722e-02  -1.32376829e+04  -1.14198119e+04     19.99      0.424  0  0.000e+00  0.000e+00
    16  3.8349e-02  4.4662e-02  7.3312e-02  7.3312e-02  -1.33795094e+04  -1.15516693e+04     19.96      0.444  0  0.000e+00  0.000e+00
    17  4.0035e-02  4.2389e-02  7.0331e-02  7.0331e-02  -1.34866427e+04  -1.17141770e+04     19.99      0.464  0  0.000e+00  0.000e+00
    18  4.0288e-02  4.0368e-02  6.5591e-02  6.5591e-02  -1.35564550e+04  -1.18874974e+04     19.96      0.484  0  0.000e+00  0.000e+00
    19  3.8889e-02  3.8703e-02  5.9849e-02  5.9849e-02  -1.35901076e+04  -1.20551973e+04     19.98      0.504  0  0.000e+00  0.000e+00
    20  3.6044e-02  3.7296e-02  5.3865e-02  5.3865e-02  -1.35948941e+04  -1.22051208e+04     20.24      0.524  0  0.000e+00  0.000e+00
    25  1.9114e-02  3.1387e-02  3.4302e-02  3.4302e-02  -1.34501224e+04  -1.25579502e+04     20.23      0.626  0  0.000e+00  0.000e+00
    50  6.7369e-03  1.8774e-02  2.5290e-02  2.5290e-02  -1.37055499e+04  -1.30294052e+04     20.00      1.132  0  0.000e+00  0.000e+00
    75  3.4735e-03  1.4104e-02  2.0158e-02  2.0158e-02  -1.38657998e+04  -1.33178229e+04     20.69      1.640  0  0.000e+00  0.000e+00
   100  2.4899e-03  1.1566e-02  1.7160e-02  1.7160e-02  -1.39691417e+04  -1.34978011e+04     20.08      2.148  0  0.000e+00  0.000e+00
   125  2.4825e-03  1.0022e-02  1.5435e-02  1.5435e-02  -1.40453210e+04  -1.36183151e+04     20.19      2.654  0  0.000e+00  0.000e+00
   150  2.1344e-03  8.8153e-03  1.3928e-02  1.3928e-02  -1.40999578e+04  -1.37125779e+04     20.32      3.159  0  0.000e+00  0.000e+00
   175  1.8772e-03  8.0026e-03  1.2990e-02  1.2990e-02  -1.41448378e+04  -1.37820617e+04     20.02      3.664  0  0.000e+00  0.000e+00
   200  1.8318e-03  7.4028e-03  1.2199e-02  1.2199e-02  -1.41836029e+04  -1.38417003e+04     20.01      4.168  0  0.000e+00  0.000e+00
   225  2.0025e-03  6.8847e-03  1.1380e-02  1.1380e-02  -1.42109359e+04  -1.38911299e+04     20.35      4.673  0  0.000e+00  0.000e+00
# gate it=250 k=250 kw=125 s1=1.193e+02 s_kw/s1=1.535e-01 fired=0 clipped_neg=0 clipped_pos=0 fired_frac_last250=0.000
   250  1.8040e-03  6.4532e-03  1.0853e-02  1.0853e-02  -1.42391812e+04  -1.39334045e+04     20.28      5.180  0  0.000e+00  0.000e+00
   275  2.1431e-03  6.1372e-03  1.0350e-02  1.0350e-02  -1.42601856e+04  -1.39680182e+04     20.02      5.685  0  0.000e+00  0.000e+00
   300  1.9058e-03  5.8575e-03  9.7825e-03  9.7825e-03  -1.42787817e+04  -1.40021137e+04     20.39      6.189  0  0.000e+00  0.000e+00
   325  1.7688e-03  5.5983e-03  9.4017e-03  9.4017e-03  -1.42975648e+04  -1.40312162e+04     20.15      6.699  0  0.000e+00  0.000e+00
   350  1.8058e-03  5.3988e-03  8.7982e-03  8.7982e-03  -1.43146605e+04  -1.40649608e+04     19.99      7.203  0  0.000e+00  0.000e+00
   375  1.8948e-03  5.2082e-03  8.9095e-03  8.9095e-03  -1.43288738e+04  -1.40757926e+04     20.91      7.709  0  0.000e+00  0.000e+00
   400  2.0193e-03  5.0502e-03  8.1493e-03  8.1493e-03  -1.43393715e+04  -1.41075401e+04     20.09      8.216  0  0.000e+00  0.000e+00
   425  2.2126e-03  4.9131e-03  8.0476e-03  8.0476e-03  -1.43558743e+04  -1.41266497e+04     20.17      8.724  0  0.000e+00  0.000e+00
   450  1.3920e-03  3.7690e-03  7.8385e-03  7.8385e-03  -1.43636849e+04  -1.41402497e+04     20.99      9.237  122  3.083e-17  0.000e+00
   475  1.1069e-03  3.6040e-03  7.4743e-03  7.4743e-03  -1.43737173e+04  -1.41604370e+04     21.53      9.766  117  3.557e-17  0.000e+00
# gate it=500 k=250 kw=125 s1=1.571e+02 s_kw/s1=9.143e-02 fired=1 clipped_neg=79 clipped_pos=35 fired_frac_last250=0.228
# deflate it=500 alpha=2.159e+01 theta=1.571e+01 clipped_neg=79 clipped_pos=35
   500  1.0059e-03  3.5040e-03  7.4558e-03  7.4558e-03  -1.43814097e+04  -1.41685383e+04     21.01     10.297  114  2.958e-17  0.000e+00
   525  1.0782e-03  3.3683e-03  7.0125e-03  7.0125e-03  -1.43921331e+04  -1.41916809e+04     21.44     10.830  110  3.903e-17  0.000e+00
   550  1.0313e-03  3.2413e-03  7.1445e-03  7.1445e-03  -1.43975450e+04  -1.41932721e+04     20.94     11.358  109  3.040e-17  0.000e+00
   575  1.0026e-03  3.1450e-03  6.3689e-03  6.3689e-03  -1.44051989e+04  -1.42228619e+04     21.41     11.891  107  2.832e-17  0.000e+00
   600  9.3185e-04  3.0565e-03  6.7554e-03  6.7554e-03  -1.44128055e+04  -1.42193772e+04     21.41     12.421  104  2.877e-17  0.000e+00
   625  9.6658e-04  2.9991e-03  6.5275e-03  6.5275e-03  -1.44182177e+04  -1.42312018e+04     21.19     12.950  102  2.468e-17  0.000e+00
   650  1.0569e-03  2.8589e-03  6.4109e-03  6.4109e-03  -1.44286620e+04  -1.42448335e+04     21.21     13.477  100  2.666e-17  0.000e+00
   675  1.0464e-03  2.7818e-03  6.0986e-03  6.0986e-03  -1.44266961e+04  -1.42517919e+04     21.38     14.008  97  2.508e-17  0.000e+00
   700  1.0522e-03  2.7308e-03  5.7946e-03  5.7946e-03  -1.44384920e+04  -1.42721183e+04     22.35     14.541  95  2.561e-17  0.000e+00
   725  1.0111e-03  2.6457e-03  5.9172e-03  5.9172e-03  -1.44378073e+04  -1.42679444e+04     20.97     15.073  94  2.682e-17  0.000e+00
# gate it=750 k=250 kw=125 s1=1.835e+02 s_kw/s1=7.320e-02 fired=1 clipped_neg=64 clipped_pos=28 fired_frac_last250=1.000
# deflate it=750 alpha=2.599e+01 theta=1.835e+01 clipped_neg=64 clipped_pos=28
   750  9.9222e-04  2.6146e-03  5.7382e-03  5.7382e-03  -1.44474380e+04  -1.42825730e+04     20.91     15.607  92  2.673e-17  0.000e+00
   775  9.9021e-04  2.5339e-03  5.5580e-03  5.5580e-03  -1.44484571e+04  -1.42887294e+04     21.52     16.137  91  3.163e-17  0.000e+00
   800  1.0261e-03  2.4899e-03  5.5853e-03  5.5853e-03  -1.44553430e+04  -1.42947585e+04     21.00     16.666  90  3.753e-17  0.000e+00
   825  9.6524e-04  2.4367e-03  5.6871e-03  5.6871e-03  -1.44592948e+04  -1.42957567e+04     21.31     17.200  87  2.241e-17  0.000e+00
   850  1.0725e-03  2.4186e-03  5.2500e-03  5.2500e-03  -1.44619813e+04  -1.43109187e+04     21.70     17.732  86  2.915e-17  0.000e+00
   875  1.0386e-03  2.3758e-03  5.6194e-03  5.6194e-03  -1.44680215e+04  -1.43063201e+04     20.90     18.264  84  2.433e-17  0.000e+00
   900  9.6118e-04  2.3149e-03  5.1567e-03  5.1567e-03  -1.44700115e+04  -1.43215370e+04     21.19     18.796  84  2.460e-17  0.000e+00
   925  9.9596e-04  2.2930e-03  5.4085e-03  5.4085e-03  -1.44752402e+04  -1.43194991e+04     20.98     19.325  82  2.739e-17  0.000e+00
   950  1.0717e-03  2.1906e-03  4.9406e-03  4.9406e-03  -1.44797180e+04  -1.43373385e+04     21.02     19.857  81  3.410e-17  0.000e+00
   975  9.8046e-04  2.1835e-03  4.8985e-03  4.8985e-03  -1.44788083e+04  -1.43376462e+04     21.55     20.386  81  2.426e-17  0.000e+00
# gate it=1000 k=250 kw=125 s1=2.050e+02 s_kw/s1=6.353e-02 fired=1 clipped_neg=57 clipped_pos=23 fired_frac_last250=1.000
# deflate it=1000 alpha=2.840e+01 theta=2.050e+01 clipped_neg=57 clipped_pos=23
  1000  1.0334e-03  2.1612e-03  5.1626e-03  5.1626e-03  -1.44847452e+04  -1.43359497e+04     20.93     20.919  80  2.632e-17  0.000e+00
  1025  1.0656e-03  2.1119e-03  4.7391e-03  4.7391e-03  -1.44865244e+04  -1.43498599e+04     21.46     21.448  78  3.343e-17  0.000e+00
  1050  1.0797e-03  2.0923e-03  4.9240e-03  4.9240e-03  -1.44898521e+04  -1.43478501e+04     21.22     21.982  77  2.480e-17  0.000e+00
  1075  1.1339e-03  2.0632e-03  4.6111e-03  4.6111e-03  -1.44928919e+04  -1.43598441e+04     20.99     22.512  75  2.709e-17  0.000e+00
  1100  1.0199e-03  2.0080e-03  4.7373e-03  4.7373e-03  -1.44956755e+04  -1.43589774e+04     21.05     23.045  75  2.808e-17  0.000e+00
  1125  1.0235e-03  1.9829e-03  4.5541e-03  4.5541e-03  -1.44979623e+04  -1.43665057e+04     20.95     23.575  72  2.449e-17  0.000e+00
  1150  1.0925e-03  1.9724e-03  4.6275e-03  4.6275e-03  -1.44999063e+04  -1.43663223e+04     21.46     24.109  71  3.252e-17  0.000e+00
  1175  1.0580e-03  1.9378e-03  4.7335e-03  4.7335e-03  -1.45034764e+04  -1.43668139e+04     20.96     24.635  70  2.453e-17  0.000e+00
  1200  1.1128e-03  1.8804e-03  4.3712e-03  4.3712e-03  -1.45053082e+04  -1.43790457e+04     21.41     25.165  70  2.229e-17  0.000e+00
  1225  1.0915e-03  1.8839e-03  4.2368e-03  4.2368e-03  -1.45075812e+04  -1.43851645e+04     20.95     25.695  68  3.735e-17  0.000e+00
# gate it=1250 k=250 kw=125 s1=2.234e+02 s_kw/s1=5.597e-02 fired=1 clipped_neg=49 clipped_pos=19 fired_frac_last250=1.000
# deflate it=1250 alpha=3.026e+01 theta=2.234e+01 clipped_neg=49 clipped_pos=19
  1250  1.1393e-03  1.8524e-03  4.4312e-03  4.4312e-03  -1.45088242e+04  -1.43808038e+04     21.03     26.227  68  2.542e-17  0.000e+00
  1275  1.0654e-03  1.8520e-03  4.4221e-03  4.4221e-03  -1.45144870e+04  -1.43866787e+04     21.67     26.756  68  2.239e-17  0.000e+00
  1300  1.0655e-03  1.8121e-03  4.1023e-03  4.1023e-03  -1.45127279e+04  -1.43941384e+04     20.91     27.289  67  2.340e-17  0.000e+00
  1325  1.0866e-03  1.7786e-03  4.1844e-03  4.1844e-03  -1.45180532e+04  -1.43970574e+04     21.61     27.818  66  2.537e-17  0.000e+00
  1350  1.1427e-03  1.7963e-03  3.8767e-03  3.8767e-03  -1.45158549e+04  -1.44037381e+04     21.08     28.351  64  1.957e-17  0.000e+00
  1375  1.1481e-03  1.7475e-03  4.3105e-03  4.3105e-03  -1.45196223e+04  -1.43949815e+04     20.97     28.884  63  2.280e-17  0.000e+00
  1400  1.0988e-03  1.7233e-03  3.9626e-03  3.9626e-03  -1.45224450e+04  -1.44078014e+04     21.47     29.410  63  2.633e-17  0.000e+00
  1425  1.1941e-03  1.7403e-03  4.0356e-03  4.0356e-03  -1.45232321e+04  -1.44064785e+04     20.93     29.941  63  2.463e-17  0.000e+00
  1450  1.2203e-03  1.7101e-03  4.0852e-03  4.0852e-03  -1.45260271e+04  -1.44078220e+04     21.46     30.474  63  1.823e-17  0.000e+00
  1475  1.1234e-03  1.6858e-03  3.7938e-03  3.7938e-03  -1.45267163e+04  -1.44169067e+04     20.89     31.003  62  2.275e-17  0.000e+00
# gate it=1500 k=250 kw=125 s1=2.398e+02 s_kw/s1=5.081e-02 fired=1 clipped_neg=46 clipped_pos=16 fired_frac_last250=1.000
# deflate it=1500 alpha=3.329e+01 theta=2.398e+01 clipped_neg=46 clipped_pos=16
  1500  1.1252e-03  1.6562e-03  4.0731e-03  4.0731e-03  -1.45278912e+04  -1.44100208e+04     21.16     31.534  62  2.289e-17  0.000e+00
  1525  1.1651e-03  1.6002e-03  3.7131e-03  3.7131e-03  -1.45331134e+04  -1.44255827e+04     21.05     32.063  61  2.804e-17  0.000e+00
  1550  1.2146e-03  1.6105e-03  3.5712e-03  3.5712e-03  -1.45293985e+04  -1.44259880e+04     20.95     32.594  60  2.772e-17  0.000e+00
  1575  1.1338e-03  1.5965e-03  3.9779e-03  3.9779e-03  -1.45343681e+04  -1.44191887e+04     21.71     33.126  60  2.197e-17  0.000e+00
  1600  1.1964e-03  1.5598e-03  3.3737e-03  3.3737e-03  -1.45345358e+04  -1.44367927e+04     20.95     33.656  60  2.248e-17  0.000e+00
  1625  1.1425e-03  1.5748e-03  3.7909e-03  3.7909e-03  -1.45342850e+04  -1.44245016e+04     21.89     34.183  58  2.047e-17  0.000e+00
  1650  1.2837e-03  1.5288e-03  3.6021e-03  3.6021e-03  -1.45402245e+04  -1.44358450e+04     20.97     34.716  58  2.067e-17  0.000e+00
  1675  1.2195e-03  1.5180e-03  3.1365e-03  3.1365e-03  -1.45371963e+04  -1.44462867e+04     21.02     35.243  56  1.728e-17  0.000e+00
  1700  1.2584e-03  1.5090e-03  3.6443e-03  3.6443e-03  -1.45395328e+04  -1.44339404e+04     21.02     35.772  55  2.202e-17  0.000e+00
  1725  1.2218e-03  1.5105e-03  3.3767e-03  3.3767e-03  -1.45427141e+04  -1.44448298e+04     21.54     36.303  55  1.940e-17  0.000e+00
# gate it=1750 k=250 kw=125 s1=2.544e+02 s_kw/s1=4.764e-02 fired=1 clipped_neg=42 clipped_pos=12 fired_frac_last250=1.000
# deflate it=1750 alpha=3.623e+01 theta=2.544e+01 clipped_neg=42 clipped_pos=12
  1750  1.2464e-03  1.5257e-03  3.4611e-03  3.4611e-03  -1.45417010e+04  -1.44413835e+04     20.97     36.833  54  1.729e-17  0.000e+00
  1775  1.2495e-03  1.4724e-03  3.4087e-03  3.4087e-03  -1.45461882e+04  -1.44473543e+04     20.97     37.371  54  1.839e-17  0.000e+00
  1800  1.2151e-03  1.4512e-03  3.0476e-03  3.0476e-03  -1.45449997e+04  -1.44566117e+04     21.65     37.903  54  2.583e-17  0.000e+00
  1825  1.2571e-03  1.4815e-03  3.4110e-03  3.4110e-03  -1.45466363e+04  -1.44477317e+04     21.46     38.436  54  2.220e-17  0.000e+00
  1850  1.2370e-03  1.4428e-03  3.2299e-03  3.2299e-03  -1.45481087e+04  -1.44544310e+04     20.92     38.968  54  1.683e-17  0.000e+00
  1875  1.1832e-03  1.4320e-03  3.2113e-03  3.2113e-03  -1.45472678e+04  -1.44541319e+04     21.98     39.498  54  2.206e-17  0.000e+00
  1900  1.2652e-03  1.3827e-03  3.4094e-03  3.4094e-03  -1.45508952e+04  -1.44520095e+04     21.18     40.029  53  1.639e-17  0.000e+00
  1925  1.2982e-03  1.4304e-03  3.0011e-03  3.0011e-03  -1.45511055e+04  -1.44640250e+04     21.23     40.560  53  1.666e-17  0.000e+00
  1950  1.2704e-03  1.3976e-03  3.1539e-03  3.1539e-03  -1.45520414e+04  -1.44605364e+04     21.05     41.087  52  2.143e-17  0.000e+00
  1975  1.2790e-03  1.3904e-03  3.0533e-03  3.0533e-03  -1.45534687e+04  -1.44648639e+04     21.08     41.618  52  1.569e-17  0.000e+00
# gate it=2000 k=250 kw=125 s1=2.676e+02 s_kw/s1=4.508e-02 fired=1 clipped_neg=41 clipped_pos=11 fired_frac_last250=1.000
# deflate it=2000 alpha=3.677e+01 theta=2.676e+01 clipped_neg=41 clipped_pos=11
  2000  1.2699e-03  1.4134e-03  2.8478e-03  2.8478e-03  -1.45541218e+04  -1.44714588e+04     21.37     42.147  52  1.733e-17  0.000e+00
  2025  1.3086e-03  1.3610e-03  2.9914e-03  2.9914e-03  -1.45543917e+04  -1.44675727e+04     20.98     42.678  51  1.735e-17  0.000e+00
  2050  1.2368e-03  1.3601e-03  3.0273e-03  3.0273e-03  -1.45562109e+04  -1.44683414e+04     21.40     43.208  51  1.653e-17  0.000e+00
  2075  1.3033e-03  1.3760e-03  2.9370e-03  2.9370e-03  -1.45567467e+04  -1.44714866e+04     20.95     43.740  50  1.685e-17  0.000e+00
  2100  1.2662e-03  1.3671e-03  3.0170e-03  3.0170e-03  -1.45576892e+04  -1.44701100e+04     21.15     44.267  50  2.433e-17  0.000e+00
  2125  1.2989e-03  1.3892e-03  2.9477e-03  2.9477e-03  -1.45573550e+04  -1.44717819e+04     20.91     44.795  50  1.767e-17  0.000e+00
  2150  1.2900e-03  1.3531e-03  3.0702e-03  3.0702e-03  -1.45604054e+04  -1.44712695e+04     21.54     45.325  50  1.523e-17  0.000e+00
  2175  1.2445e-03  1.3024e-03  2.7642e-03  2.7642e-03  -1.45604548e+04  -1.44801774e+04     20.91     45.854  50  1.637e-17  0.000e+00
  2200  1.2533e-03  1.2905e-03  2.9604e-03  2.9604e-03  -1.45608252e+04  -1.44748656e+04     21.20     46.380  50  2.575e-17  0.000e+00
  2225  1.2581e-03  1.3131e-03  2.9207e-03  2.9207e-03  -1.45624077e+04  -1.44775875e+04     20.99     46.910  50  1.779e-17  0.000e+00
# gate it=2250 k=250 kw=125 s1=2.798e+02 s_kw/s1=4.256e-02 fired=1 clipped_neg=39 clipped_pos=11 fired_frac_last250=1.000
# deflate it=2250 alpha=3.678e+01 theta=2.798e+01 clipped_neg=39 clipped_pos=11
  2250  1.3045e-03  1.2966e-03  2.8872e-03  2.8872e-03  -1.45626574e+04  -1.44788057e+04     21.67     47.441  50  1.797e-17  0.000e+00
  2275  1.3226e-03  1.2799e-03  2.8420e-03  2.8420e-03  -1.45653058e+04  -1.44827486e+04     20.92     47.969  49  1.969e-17  0.000e+00
  2300  1.2486e-03  1.2715e-03  2.7127e-03  2.7127e-03  -1.45642709e+04  -1.44854646e+04     21.43     48.500  49  1.945e-17  0.000e+00
  2325  1.2539e-03  1.2996e-03  2.9351e-03  2.9351e-03  -1.45659618e+04  -1.44807034e+04     21.00     49.031  48  1.966e-17  0.000e+00
  2350  1.3540e-03  1.2821e-03  2.7542e-03  2.7542e-03  -1.45667324e+04  -1.44867120e+04     21.07     49.561  48  1.956e-17  0.000e+00
  2375  1.3109e-03  1.2940e-03  2.6538e-03  2.6538e-03  -1.45671251e+04  -1.44900116e+04     20.94     50.090  48  2.440e-17  0.000e+00
  2400  1.2545e-03  1.2945e-03  2.7397e-03  2.7397e-03  -1.45675790e+04  -1.44879736e+04     21.34     50.622  48  1.824e-17  0.000e+00
  2425  1.3746e-03  1.2964e-03  2.6957e-03  2.6957e-03  -1.45686604e+04  -1.44903235e+04     20.95     51.163  47  1.603e-17  0.000e+00
  2450  1.3669e-03  1.2871e-03  2.5967e-03  2.5967e-03  -1.45676819e+04  -1.44922187e+04     22.05     51.695  47  2.054e-17  0.000e+00
  2475  1.2623e-03  1.2476e-03  2.8553e-03  2.8553e-03  -1.45701637e+04  -1.44871947e+04     20.97     52.224  46  1.711e-17  0.000e+00
# gate it=2500 k=250 kw=125 s1=2.912e+02 s_kw/s1=4.068e-02 fired=1 clipped_neg=36 clipped_pos=10 fired_frac_last250=1.000
# deflate it=2500 alpha=4.035e+01 theta=2.912e+01 clipped_neg=36 clipped_pos=10
  2500  1.3713e-03  1.2998e-03  2.5878e-03  2.5878e-03  -1.45702980e+04  -1.44950810e+04     21.40     52.755  46  1.686e-17  0.000e+00
  2525  1.2598e-03  1.2221e-03  2.6810e-03  2.6810e-03  -1.45689022e+04  -1.44909891e+04     20.94     53.284  46  1.943e-17  0.000e+00
  2550  1.3348e-03  1.2500e-03  2.7972e-03  2.7972e-03  -1.45738648e+04  -1.44925569e+04     20.91     53.816  46  1.740e-17  0.000e+00
  2575  1.2749e-03  1.2384e-03  2.4557e-03  2.4557e-03  -1.45730396e+04  -1.45016382e+04     21.56     54.346  46  1.533e-17  0.000e+00
  2600  1.2994e-03  1.2338e-03  2.7016e-03  2.7016e-03  -1.45727829e+04  -1.44942517e+04     21.01     54.875  46  1.727e-17  0.000e+00
  2625  1.2578e-03  1.2132e-03  2.7524e-03  2.7524e-03  -1.45751701e+04  -1.44951528e+04     21.01     55.404  46  1.954e-17  0.000e+00
  2650  1.3138e-03  1.2495e-03  2.5172e-03  2.5172e-03  -1.45747049e+04  -1.45015105e+04     21.10     55.939  46  2.067e-17  0.000e+00
  2675  1.2952e-03  1.2392e-03  2.6960e-03  2.6960e-03  -1.45745137e+04  -1.44961375e+04     21.03     56.472  45  1.839e-17  0.000e+00
  2700  1.2987e-03  1.2879e-03  2.6740e-03  2.6740e-03  -1.45759804e+04  -1.44982346e+04     20.99     57.000  44  1.504e-17  0.000e+00
  2725  1.2572e-03  1.2793e-03  2.5935e-03  2.5935e-03  -1.45763400e+04  -1.45009245e+04     21.00     57.529  44  1.994e-17  0.000e+00
# gate it=2750 k=250 kw=125 s1=3.018e+02 s_kw/s1=3.905e-02 fired=1 clipped_neg=34 clipped_pos=10 fired_frac_last250=1.000
# deflate it=2750 alpha=4.108e+01 theta=3.018e+01 clipped_neg=34 clipped_pos=10
  2750  1.2992e-03  1.2444e-03  2.6741e-03  2.6741e-03  -1.45766950e+04  -1.44989419e+04     21.04     58.056  44  1.924e-17  0.000e+00
  2775  1.3680e-03  1.2198e-03  2.6562e-03  2.6562e-03  -1.45780412e+04  -1.45007990e+04     21.14     58.586  44  1.878e-17  0.000e+00
  2800  1.2786e-03  1.2146e-03  2.3960e-03  2.3960e-03  -1.45775715e+04  -1.45078791e+04     21.00     59.115  44  1.716e-17  0.000e+00
  2825  1.2830e-03  1.2040e-03  2.5944e-03  2.5944e-03  -1.45776994e+04  -1.45022516e+04     21.17     59.644  44  1.622e-17  0.000e+00
  2850  1.2690e-03  1.1450e-03  2.6363e-03  2.6363e-03  -1.45807176e+04  -1.45040378e+04     20.95     60.169  43  1.608e-17  0.000e+00
  2875  1.2724e-03  1.1653e-03  2.3818e-03  2.3818e-03  -1.45787652e+04  -1.45094807e+04     21.79     60.700  43  1.410e-17  0.000e+00
  2900  1.2644e-03  1.2027e-03  2.6773e-03  2.6773e-03  -1.45794901e+04  -1.45016286e+04     20.96     61.229  43  1.641e-17  0.000e+00
  2925  1.3136e-03  1.1785e-03  2.5411e-03  2.5411e-03  -1.45816960e+04  -1.45077756e+04     21.74     61.760  43  1.758e-17  0.000e+00
  2950  1.3195e-03  1.1591e-03  2.3220e-03  2.3220e-03  -1.45817683e+04  -1.45142048e+04     20.91     62.288  43  1.740e-17  0.000e+00
  2975  1.3106e-03  1.1678e-03  2.4341e-03  2.4341e-03  -1.45824757e+04  -1.45116560e+04     21.47     62.821  42  1.765e-17  0.000e+00
# gate it=3000 k=250 kw=125 s1=3.118e+02 s_kw/s1=3.747e-02 fired=1 clipped_neg=33 clipped_pos=9 fired_frac_last250=1.000
# deflate it=3000 alpha=4.291e+01 theta=3.118e+01 clipped_neg=33 clipped_pos=9
  3000  1.2954e-03  1.1751e-03  2.2153e-03  2.2153e-03  -1.45818182e+04  -1.45173513e+04     21.28     63.350  42  1.932e-17  0.000e+00
  3025  1.3035e-03  1.1561e-03  2.3544e-03  2.3544e-03  -1.45819874e+04  -1.45134821e+04     20.97     63.882  42  1.968e-17  0.000e+00
  3050  1.3599e-03  1.1498e-03  2.3629e-03  2.3629e-03  -1.45837193e+04  -1.45149588e+04     21.40     64.414  42  1.438e-17  0.000e+00
  3075  1.3701e-03  1.1892e-03  2.2901e-03  2.2901e-03  -1.45847609e+04  -1.45181105e+04     20.93     64.942  42  2.137e-17  0.000e+00
  3100  1.2863e-03  1.1820e-03  2.2809e-03  2.2809e-03  -1.45830475e+04  -1.45166709e+04     21.47     65.470  42  1.655e-17  0.000e+00
  3125  1.3125e-03  1.1548e-03  2.4417e-03  2.4417e-03  -1.45853306e+04  -1.45142762e+04     20.94     65.998  42  1.780e-17  0.000e+00
  3150  1.2890e-03  1.1359e-03  2.3304e-03  2.3304e-03  -1.45855779e+04  -1.45177521e+04     21.03     66.532  42  1.699e-17  0.000e+00
  3175  1.3308e-03  1.1477e-03  2.2519e-03  2.2519e-03  -1.45839103e+04  -1.45183727e+04     21.33     67.062  41  2.088e-17  0.000e+00
  3200  1.3731e-03  1.1468e-03  2.3557e-03  2.3557e-03  -1.45849002e+04  -1.45163438e+04     20.96     67.595  41  1.709e-17  0.000e+00
  3225  1.2878e-03  1.1790e-03  2.3451e-03  2.3451e-03  -1.45864618e+04  -1.45182048e+04     22.15     68.126  41  2.390e-17  0.000e+00
# gate it=3250 k=250 kw=125 s1=3.211e+02 s_kw/s1=3.619e-02 fired=1 clipped_neg=32 clipped_pos=9 fired_frac_last250=1.000
# deflate it=3250 alpha=4.294e+01 theta=3.211e+01 clipped_neg=32 clipped_pos=9
  3250  1.3400e-03  1.1521e-03  2.3694e-03  2.3694e-03  -1.45870842e+04  -1.45181210e+04     20.91     68.656  41  2.355e-17  0.000e+00
  3275  1.3761e-03  1.2091e-03  2.3980e-03  2.3980e-03  -1.45866989e+04  -1.45169057e+04     21.55     69.183  40  2.086e-17  0.000e+00
  3300  1.3085e-03  1.1715e-03  2.2879e-03  2.2879e-03  -1.45873562e+04  -1.45207571e+04     20.93     69.713  40  1.519e-17  0.000e+00
  3325  1.3409e-03  1.1631e-03  2.3639e-03  2.3639e-03  -1.45871198e+04  -1.45183141e+04     21.37     70.245  40  1.922e-17  0.000e+00
  3350  1.3315e-03  1.1738e-03  2.2604e-03  2.2604e-03  -1.45888242e+04  -1.45230161e+04     20.88     70.774  40  2.397e-17  0.000e+00
  3375  1.3383e-03  1.1018e-03  2.1470e-03  2.1470e-03  -1.45899490e+04  -1.45274307e+04     21.19     71.305  40  1.744e-17  0.000e+00
  3400  1.3312e-03  1.1049e-03  2.0991e-03  2.0991e-03  -1.45891248e+04  -1.45280016e+04     21.75     71.836  40  1.742e-17  0.000e+00
  3425  1.2970e-03  1.0687e-03  2.2525e-03  2.2525e-03  -1.45905399e+04  -1.45249543e+04     20.95     72.364  40  1.585e-17  0.000e+00
  3450  1.3376e-03  1.1095e-03  2.1286e-03  2.1286e-03  -1.45905155e+04  -1.45285308e+04     20.94     72.903  40  1.844e-17  0.000e+00
  3475  1.3237e-03  1.0733e-03  2.1704e-03  2.1704e-03  -1.45905882e+04  -1.45273883e+04     21.64     73.436  40  1.835e-17  0.000e+00
# gate it=3500 k=250 kw=125 s1=3.300e+02 s_kw/s1=3.518e-02 fired=1 clipped_neg=31 clipped_pos=9 fired_frac_last250=1.000
# deflate it=3500 alpha=4.294e+01 theta=3.300e+01 clipped_neg=31 clipped_pos=9
  3500  1.3420e-03  1.0610e-03  2.1624e-03  2.1624e-03  -1.45908263e+04  -1.45278574e+04     20.92     73.966  40  1.893e-17  0.000e+00
  3525  1.3026e-03  1.0806e-03  2.1359e-03  2.1359e-03  -1.45913638e+04  -1.45291625e+04     21.26     74.500  40  1.799e-17  0.000e+00
  3550  1.3254e-03  1.0804e-03  2.2176e-03  2.2176e-03  -1.45915596e+04  -1.45269850e+04     21.72     75.032  40  1.859e-17  0.000e+00
  3575  1.4112e-03  1.1276e-03  2.1164e-03  2.1164e-03  -1.45920381e+04  -1.45304009e+04     20.94     75.562  40  2.020e-17  0.000e+00
  3600  1.3709e-03  1.0604e-03  1.8804e-03  1.8804e-03  -1.45917090e+04  -1.45369335e+04     22.06     76.094  40  1.496e-17  0.000e+00
  3625  1.3347e-03  1.0844e-03  2.0397e-03  2.0397e-03  -1.45902927e+04  -1.45308929e+04     20.99     76.624  40  2.104e-17  0.000e+00
  3650  1.3299e-03  1.0620e-03  2.1115e-03  2.1115e-03  -1.45932931e+04  -1.45317937e+04     20.99     77.154  40  2.151e-17  0.000e+00
  3675  1.2929e-03  1.0413e-03  1.9638e-03  1.9638e-03  -1.45929260e+04  -1.45357218e+04     21.60     77.687  40  1.507e-17  0.000e+00
  3700  1.3470e-03  1.0892e-03  2.0576e-03  2.0576e-03  -1.45929610e+04  -1.45330289e+04     21.00     78.216  40  1.502e-17  0.000e+00
  3725  1.3246e-03  1.0473e-03  2.0302e-03  2.0302e-03  -1.45939591e+04  -1.45348189e+04     21.43     78.745  40  1.736e-17  0.000e+00
# gate it=3750 k=250 kw=125 s1=3.383e+02 s_kw/s1=3.427e-02 fired=1 clipped_neg=31 clipped_pos=9 fired_frac_last250=1.000
# deflate it=3750 alpha=4.302e+01 theta=3.383e+01 clipped_neg=31 clipped_pos=9
  3750  1.3219e-03  1.0393e-03  1.9724e-03  1.9724e-03  -1.45932680e+04  -1.45358120e+04     21.04     79.278  40  1.431e-17  0.000e+00
  3775  1.3349e-03  9.9453e-04  2.1031e-03  2.1031e-03  -1.45943202e+04  -1.45330604e+04     20.93     79.814  40  1.756e-17  0.000e+00
  3800  1.3345e-03  1.1049e-03  2.0397e-03  2.0397e-03  -1.45943412e+04  -1.45349248e+04     21.76     80.342  38  1.625e-17  0.000e+00
  3825  1.3858e-03  1.0924e-03  2.0265e-03  2.0265e-03  -1.45950707e+04  -1.45360339e+04     21.10     80.876  38  1.687e-17  0.000e+00
  3850  1.3474e-03  1.1122e-03  1.7931e-03  1.7931e-03  -1.45958494e+04  -1.45435989e+04     20.99     81.408  38  2.510e-17  0.000e+00
  3875  1.3779e-03  1.1074e-03  1.9282e-03  1.9282e-03  -1.45943838e+04  -1.45382095e+04     21.58     81.941  38  1.567e-17  0.000e+00
  3900  1.3219e-03  1.0964e-03  1.9395e-03  1.9395e-03  -1.45956488e+04  -1.45391411e+04     20.95     82.470  38  1.515e-17  0.000e+00
  3925  1.4048e-03  1.0945e-03  1.8089e-03  1.8089e-03  -1.45952792e+04  -1.45425687e+04     21.44     82.998  38  1.842e-17  0.000e+00
  3950  1.3375e-03  1.1021e-03  1.9888e-03  1.9888e-03  -1.45961263e+04  -1.45381811e+04     20.95     83.526  37  1.891e-17  0.000e+00
  3975  1.3370e-03  1.0852e-03  1.9280e-03  1.9280e-03  -1.45967816e+04  -1.45406018e+04     21.55     84.056  37  1.492e-17  0.000e+00
# gate it=4000 k=250 kw=125 s1=3.463e+02 s_kw/s1=3.340e-02 fired=1 clipped_neg=29 clipped_pos=8 fired_frac_last250=1.000
# deflate it=4000 alpha=4.840e+01 theta=3.463e+01 clipped_neg=29 clipped_pos=8
  4000  1.3951e-03  1.0063e-03  1.7707e-03  1.7707e-03  -1.45950234e+04  -1.45434251e+04     20.93     84.584  37  1.591e-17  0.000e+00
  4025  1.3534e-03  1.0234e-03  1.9997e-03  1.9997e-03  -1.45972432e+04  -1.45389780e+04     21.41     85.117  37  1.563e-17  0.000e+00
  4050  1.3029e-03  1.0222e-03  1.7527e-03  1.7527e-03  -1.45980038e+04  -1.45469197e+04     20.93     85.645  37  1.450e-17  0.000e+00
  4075  1.3997e-03  1.0104e-03  1.6732e-03  1.6732e-03  -1.45961668e+04  -1.45474031e+04     21.49     86.178  36  1.499e-17  0.000e+00
  4100  1.3115e-03  1.0034e-03  1.9056e-03  1.9056e-03  -1.45967372e+04  -1.45412094e+04     21.82     86.709  36  1.350e-17  0.000e+00
  4125  1.3558e-03  1.0737e-03  1.7714e-03  1.7714e-03  -1.45982672e+04  -1.45466393e+04     20.91     87.238  36  1.941e-17  0.000e+00
  4150  1.3354e-03  9.8575e-04  1.7010e-03  1.7010e-03  -1.45969567e+04  -1.45473818e+04     20.99     87.765  36  1.539e-17  0.000e+00
  4175  1.3759e-03  9.9782e-04  1.8951e-03  1.8951e-03  -1.45982099e+04  -1.45429835e+04     21.59     88.295  36  1.676e-17  0.000e+00
  4200  1.3022e-03  1.0266e-03  1.7284e-03  1.7284e-03  -1.45984765e+04  -1.45480972e+04     21.57     88.827  36  2.063e-17  0.000e+00
  4225  1.3459e-03  1.0749e-03  1.6850e-03  1.6850e-03  -1.45969965e+04  -1.45478858e+04     20.89     89.355  36  1.771e-17  0.000e+00
# gate it=4250 k=250 kw=125 s1=3.538e+02 s_kw/s1=3.245e-02 fired=1 clipped_neg=29 clipped_pos=7 fired_frac_last250=1.000
# deflate it=4250 alpha=4.888e+01 theta=3.538e+01 clipped_neg=29 clipped_pos=7
  4250  1.3944e-03  1.0838e-03  1.8941e-03  1.8941e-03  -1.45988715e+04  -1.45436708e+04     21.91     89.885  36  1.634e-17  0.000e+00
  4275  1.3417e-03  1.0109e-03  1.7985e-03  1.7985e-03  -1.45990606e+04  -1.45466406e+04     20.95     90.416  36  1.365e-17  0.000e+00
  4300  1.3418e-03  1.0008e-03  1.7059e-03  1.7059e-03  -1.45984144e+04  -1.45486912e+04     21.26     90.947  36  1.338e-17  0.000e+00
  4325  1.3039e-03  1.0154e-03  1.8339e-03  1.8339e-03  -1.45992507e+04  -1.45457998e+04     21.08     91.477  36  1.903e-17  0.000e+00
  4350  1.3438e-03  1.0325e-03  1.7496e-03  1.7496e-03  -1.46006525e+04  -1.45496499e+04     21.06     92.009  36  1.673e-17  0.000e+00
  4375  1.3833e-03  1.0381e-03  1.5969e-03  1.5969e-03  -1.46006528e+04  -1.45540952e+04     21.30     92.543  36  1.466e-17  0.000e+00
  4400  1.4429e-03  1.0281e-03  1.6710e-03  1.6710e-03  -1.45994594e+04  -1.45507484e+04     20.92     93.071  36  1.939e-17  0.000e+00
  4425  1.3248e-03  9.7460e-04  1.7201e-03  1.7201e-03  -1.45995590e+04  -1.45494188e+04     21.67     93.602  36  1.850e-17  0.000e+00
  4450  1.3325e-03  9.8325e-04  1.6489e-03  1.6489e-03  -1.46010654e+04  -1.45529909e+04     20.90     94.129  36  1.476e-17  0.000e+00
  4475  1.4104e-03  1.0381e-03  1.7074e-03  1.7074e-03  -1.46016346e+04  -1.45518569e+04     21.30     94.661  35  1.326e-17  0.000e+00
# gate it=4500 k=250 kw=125 s1=3.610e+02 s_kw/s1=3.161e-02 fired=1 clipped_neg=28 clipped_pos=7 fired_frac_last250=1.000
# deflate it=4500 alpha=5.020e+01 theta=3.610e+01 clipped_neg=28 clipped_pos=7
  4500  1.4822e-03  1.0773e-03  1.6851e-03  1.6851e-03  -1.46013653e+04  -1.45522383e+04     21.01     95.207  35  1.825e-17  0.000e+00
  4525  1.3941e-03  1.0547e-03  1.6518e-03  1.6518e-03  -1.46008597e+04  -1.45527017e+04     21.16     95.740  35  1.658e-17  0.000e+00
  4550  1.2932e-03  1.0407e-03  1.6707e-03  1.6707e-03  -1.46019043e+04  -1.45531944e+04     20.98     96.270  35  1.511e-17  0.000e+00
  4575  1.3339e-03  1.0562e-03  1.6697e-03  1.6697e-03  -1.46015467e+04  -1.45528660e+04     20.97     96.801  35  1.510e-17  0.000e+00
  4600  1.3599e-03  1.0898e-03  1.7003e-03  1.7003e-03  -1.46020417e+04  -1.45524699e+04     21.60     97.332  35  2.577e-17  0.000e+00
  4625  1.3268e-03  1.0045e-03  1.6343e-03  1.6343e-03  -1.46018229e+04  -1.45541730e+04     20.88     97.862  35  1.343e-17  0.000e+00
  4650  1.3332e-03  1.0141e-03  1.6303e-03  1.6303e-03  -1.46015971e+04  -1.45540639e+04     21.30     98.388  35  1.520e-17  0.000e+00
  4675  1.3909e-03  1.0618e-03  1.6549e-03  1.6549e-03  -1.46022742e+04  -1.45540225e+04     20.91     98.918  35  1.771e-17  0.000e+00
  4700  1.3293e-03  1.1090e-03  1.4374e-03  1.4374e-03  -1.46023890e+04  -1.45604681e+04     21.25     99.452  35  2.168e-17  0.000e+00
  4725  1.4060e-03  1.0783e-03  1.5386e-03  1.5386e-03  -1.46018556e+04  -1.45569895e+04     21.06     99.982  35  1.490e-17  0.000e+00
# gate it=4750 k=250 kw=125 s1=3.679e+02 s_kw/s1=3.102e-02 fired=1 clipped_neg=28 clipped_pos=7 fired_frac_last250=1.000
# deflate it=4750 alpha=4.902e+01 theta=3.679e+01 clipped_neg=28 clipped_pos=7
  4750  1.3611e-03  9.4460e-04  1.6739e-03  1.6739e-03  -1.46032310e+04  -1.45544218e+04     20.97    100.517  35  1.595e-17  0.000e+00
  4775  1.2779e-03  9.1769e-04  1.4458e-03  1.4458e-03  -1.46037128e+04  -1.45615445e+04     21.50    101.047  35  1.748e-17  0.000e+00
  4800  1.3455e-03  9.9150e-04  1.5211e-03  1.5211e-03  -1.46025241e+04  -1.45581656e+04     21.10    101.578  35  1.578e-17  0.000e+00
  4825  1.4008e-03  9.8823e-04  1.5827e-03  1.5827e-03  -1.46039127e+04  -1.45577563e+04     21.00    102.111  35  1.714e-17  0.000e+00
  4850  1.3464e-03  9.4271e-04  1.2878e-03  1.3464e-03  -1.46041278e+04  -1.45665617e+04     21.49    102.647  35  1.365e-17  0.000e+00
  4875  1.3918e-03  9.7865e-04  1.4160e-03  1.4160e-03  -1.46033510e+04  -1.45620518e+04     20.90    103.173  35  1.538e-17  0.000e+00
  4900  1.3351e-03  9.2365e-04  1.4487e-03  1.4487e-03  -1.46031455e+04  -1.45608933e+04     21.52    103.705  35  1.868e-17  0.000e+00
  4925  1.3068e-03  9.4555e-04  1.4084e-03  1.4084e-03  -1.46037040e+04  -1.45626234e+04     21.68    104.236  35  1.658e-17  0.000e+00
  4950  1.3245e-03  9.6744e-04  1.4468e-03  1.4468e-03  -1.46041047e+04  -1.45619073e+04     21.02    104.766  35  2.478e-17  0.000e+00
  4975  1.3898e-03  9.5599e-04  1.4337e-03  1.4337e-03  -1.46041436e+04  -1.45623269e+04     22.08    105.297  34  1.408e-17  0.000e+00
# gate it=5000 k=250 kw=125 s1=3.744e+02 s_kw/s1=3.052e-02 fired=1 clipped_neg=27 clipped_pos=6 fired_frac_last250=1.000
# deflate it=5000 alpha=5.246e+01 theta=3.744e+01 clipped_neg=27 clipped_pos=6
  5000  1.4350e-03  9.9761e-04  1.4063e-03  1.4350e-03  -1.46044284e+04  -1.45634069e+04     20.95    105.827  33  1.458e-17  0.000e+00
  5025  1.2996e-03  9.8582e-04  1.4682e-03  1.4682e-03  -1.46044199e+04  -1.45615982e+04     21.36    106.358  33  1.267e-17  0.000e+00
  5050  1.3358e-03  9.7558e-04  1.3942e-03  1.3942e-03  -1.46052214e+04  -1.45645513e+04     20.94    106.888  33  2.366e-17  0.000e+00
  5075  1.3816e-03  9.5268e-04  1.3511e-03  1.3816e-03  -1.46037502e+04  -1.45643408e+04     21.69    107.418  33  1.499e-17  0.000e+00
  5100  1.3702e-03  9.6616e-04  1.4659e-03  1.4659e-03  -1.46043826e+04  -1.45616258e+04     21.43    107.948  33  1.187e-17  0.000e+00
  5125  1.3749e-03  9.7875e-04  1.3748e-03  1.3749e-03  -1.46046395e+04  -1.45645361e+04     21.42    108.479  33  1.288e-17  0.000e+00
  5150  1.4306e-03  1.1096e-03  1.3653e-03  1.4306e-03  -1.46038729e+04  -1.45640490e+04     21.54    109.011  33  1.433e-17  0.000e+00
  5175  1.3502e-03  1.0417e-03  1.3794e-03  1.3794e-03  -1.46045897e+04  -1.45643537e+04     20.93    109.543  33  1.172e-17  0.000e+00
  5200  1.4214e-03  9.6425e-04  1.4574e-03  1.4574e-03  -1.46056593e+04  -1.45631471e+04     21.87    110.071  33  1.448e-17  0.000e+00
  5225  1.3508e-03  9.6301e-04  1.3911e-03  1.3911e-03  -1.46060217e+04  -1.45654396e+04     20.92    110.601  33  1.362e-17  0.000e+00
# gate it=5250 k=250 kw=125 s1=3.806e+02 s_kw/s1=2.941e-02 fired=1 clipped_neg=27 clipped_pos=6 fired_frac_last250=1.000
# deflate it=5250 alpha=5.241e+01 theta=3.806e+01 clipped_neg=27 clipped_pos=6
  5250  1.3914e-03  9.3268e-04  1.3757e-03  1.3914e-03  -1.46055548e+04  -1.45654241e+04     21.13    111.132  33  1.933e-17  0.000e+00
  5275  1.3031e-03  9.3214e-04  1.4439e-03  1.4439e-03  -1.46056537e+04  -1.45635355e+04     20.89    111.660  33  1.373e-17  0.000e+00
  5300  1.3767e-03  9.4725e-04  1.3720e-03  1.3767e-03  -1.46061691e+04  -1.45661435e+04     21.01    112.189  33  1.247e-17  0.000e+00
  5325  1.3043e-03  9.8596e-04  1.3940e-03  1.3940e-03  -1.46062004e+04  -1.45655324e+04     20.87    112.714  33  1.442e-17  0.000e+00
  5350  1.2606e-03  9.6005e-04  1.4510e-03  1.4510e-03  -1.46063432e+04  -1.45640146e+04     21.67    113.240  33  1.656e-17  0.000e+00
  5375  1.3942e-03  9.8771e-04  1.3617e-03  1.3942e-03  -1.46068685e+04  -1.45671404e+04     21.13    113.767  33  1.301e-17  0.000e+00
  5400  1.3516e-03  9.7969e-04  1.3942e-03  1.3942e-03  -1.46060137e+04  -1.45653421e+04     20.87    114.294  32  1.746e-17  0.000e+00
  5425  1.3633e-03  9.7837e-04  1.4161e-03  1.4161e-03  -1.46068248e+04  -1.45655132e+04     21.50    114.822  32  2.238e-17  0.000e+00
  5450  1.3127e-03  9.5950e-04  1.3410e-03  1.3410e-03  -1.46063544e+04  -1.45672318e+04     20.88    115.350  32  1.437e-17  0.000e+00
  5475  1.3763e-03  9.7589e-04  1.4539e-03  1.4539e-03  -1.46069331e+04  -1.45645199e+04     21.41    115.876  32  1.473e-17  0.000e+00
# gate it=5500 k=250 kw=125 s1=3.867e+02 s_kw/s1=2.895e-02 fired=1 clipped_neg=26 clipped_pos=6 fired_frac_last250=1.000
# deflate it=5500 alpha=5.249e+01 theta=3.867e+01 clipped_neg=26 clipped_pos=6
  5500  1.3322e-03  9.8356e-04  1.3324e-03  1.3324e-03  -1.46075410e+04  -1.45686645e+04     21.06    116.406  32  1.427e-17  0.000e+00
  5525  1.3902e-03  1.0117e-03  1.4218e-03  1.4218e-03  -1.46067923e+04  -1.45653129e+04     21.63    116.937  32  1.801e-17  0.000e+00
  5550  1.3483e-03  1.0107e-03  1.4196e-03  1.4196e-03  -1.46079140e+04  -1.45664967e+04     20.90    117.462  32  1.777e-17  0.000e+00
  5575  1.3954e-03  9.6291e-04  1.3600e-03  1.3954e-03  -1.46073566e+04  -1.45676779e+04     21.46    117.995  32  1.481e-17  0.000e+00
  5600  1.3086e-03  9.9724e-04  1.3335e-03  1.3335e-03  -1.46067006e+04  -1.45677949e+04     20.86    118.522  32  1.503e-17  0.000e+00
  5625  1.4352e-03  1.0092e-03  1.4327e-03  1.4352e-03  -1.46076285e+04  -1.45658311e+04     20.88    119.047  32  1.333e-17  0.000e+00
  5650  1.3754e-03  9.7527e-04  1.3706e-03  1.3754e-03  -1.46082827e+04  -1.45682920e+04     21.09    119.575  32  1.422e-17  0.000e+00
  5675  1.3011e-03  9.7957e-04  1.4199e-03  1.4199e-03  -1.46085325e+04  -1.45671034e+04     20.88    120.103  32  1.388e-17  0.000e+00
  5700  1.3503e-03  9.7425e-04  1.2633e-03  1.3503e-03  -1.46086455e+04  -1.45717813e+04     21.45    120.629  32  1.266e-17  0.000e+00
  5725  1.3562e-03  1.0394e-03  1.2236e-03  1.3562e-03  -1.46076380e+04  -1.45719324e+04     20.92    121.159  32  1.349e-17  0.000e+00
# gate it=5750 k=250 kw=125 s1=3.925e+02 s_kw/s1=2.850e-02 fired=1 clipped_neg=26 clipped_pos=6 fired_frac_last250=1.000
# deflate it=5750 alpha=5.241e+01 theta=3.925e+01 clipped_neg=26 clipped_pos=6
  5750  1.3168e-03  9.8253e-04  1.4204e-03  1.4204e-03  -1.46088014e+04  -1.45673585e+04     21.23    121.686  32  1.328e-17  0.000e+00
  5775  1.3174e-03  9.9664e-04  1.2710e-03  1.3174e-03  -1.46090421e+04  -1.45719523e+04     21.06    122.213  32  1.264e-17  0.000e+00
  5800  1.3112e-03  9.3828e-04  1.1864e-03  1.3112e-03  -1.46082765e+04  -1.45736534e+04     20.89    122.739  32  1.495e-17  0.000e+00
  5825  1.3237e-03  9.1627e-04  1.1355e-03  1.3237e-03  -1.46084707e+04  -1.45753311e+04     21.46    123.268  32  1.337e-17  0.000e+00
  5850  1.4085e-03  9.5154e-04  1.1945e-03  1.4085e-03  -1.46082603e+04  -1.45734014e+04     20.92    123.793  32  1.221e-17  0.000e+00
  5875  1.3773e-03  9.8469e-04  1.1684e-03  1.3773e-03  -1.46087745e+04  -1.45746767e+04     21.47    124.330  32  1.983e-17  0.000e+00
  5900  1.4266e-03  9.9159e-04  1.1109e-03  1.4266e-03  -1.46083872e+04  -1.45759659e+04     20.91    124.873  31  1.235e-17  0.000e+00
  5925  1.4231e-03  1.0232e-03  1.2500e-03  1.4231e-03  -1.46094047e+04  -1.45729250e+04     21.17    125.403  31  1.357e-17  0.000e+00
  5950  1.3731e-03  1.0003e-03  1.1548e-03  1.3731e-03  -1.46097553e+04  -1.45760512e+04     20.85    125.931  31  1.825e-17  0.000e+00
  5975  1.3566e-03  1.0104e-03  1.1713e-03  1.3566e-03  -1.46092099e+04  -1.45750253e+04     21.24    126.461  31  1.395e-17  0.000e+00
# gate it=6000 k=250 kw=125 s1=3.980e+02 s_kw/s1=2.806e-02 fired=1 clipped_neg=25 clipped_pos=6 fired_frac_last250=1.000
# deflate it=6000 alpha=5.411e+01 theta=3.980e+01 clipped_neg=25 clipped_pos=6
  6000  1.3572e-03  9.7343e-04  1.2802e-03  1.3572e-03  -1.46104860e+04  -1.45731246e+04     20.83    126.987  31  1.579e-17  0.000e+00
  6025  1.3641e-03  1.0087e-03  1.1040e-03  1.3641e-03  -1.46091959e+04  -1.45769721e+04     21.72    127.516  31  1.237e-17  0.000e+00
  6050  1.4507e-03  9.9139e-04  1.1375e-03  1.4507e-03  -1.46086326e+04  -1.45754347e+04     20.91    128.043  31  2.035e-17  0.000e+00
  6075  1.3442e-03  9.5266e-04  1.2267e-03  1.3442e-03  -1.46098987e+04  -1.45740983e+04     20.84    128.568  31  1.253e-17  0.000e+00
  6100  1.2949e-03  9.5392e-04  1.1471e-03  1.2949e-03  -1.46102998e+04  -1.45768185e+04     21.52    129.095  31  2.165e-17  0.000e+00
  6125  1.3500e-03  9.9413e-04  1.1293e-03  1.3500e-03  -1.46091472e+04  -1.45761858e+04     20.85    129.623  31  1.548e-17  0.000e+00
  6150  1.4407e-03  9.8486e-04  1.1594e-03  1.4407e-03  -1.46094523e+04  -1.45756126e+04     21.53    130.150  31  1.312e-17  0.000e+00
  6175  1.3380e-03  9.7960e-04  1.1529e-03  1.3380e-03  -1.46091956e+04  -1.45755462e+04     20.98    130.680  31  2.795e-17  0.000e+00
  6200  1.3356e-03  9.9960e-04  1.2044e-03  1.3356e-03  -1.46103214e+04  -1.45751679e+04     21.10    131.207  31  1.315e-17  0.000e+00
  6225  1.3000e-03  9.8092e-04  1.1788e-03  1.3000e-03  -1.46108089e+04  -1.45764004e+04     20.96    131.738  31  1.297e-17  0.000e+00
# gate it=6250 k=250 kw=125 s1=4.033e+02 s_kw/s1=2.771e-02 fired=1 clipped_neg=25 clipped_pos=6 fired_frac_last250=1.000
# deflate it=6250 alpha=5.243e+01 theta=4.033e+01 clipped_neg=25 clipped_pos=6
  6250  1.3953e-03  9.5515e-04  1.1338e-03  1.3953e-03  -1.46099234e+04  -1.45768290e+04     21.04    132.264  31  1.296e-17  0.000e+00
  6275  1.3235e-03  1.0320e-03  1.1429e-03  1.3235e-03  -1.46101997e+04  -1.45768420e+04     20.88    132.795  31  1.411e-17  0.000e+00
  6300  1.3723e-03  1.0506e-03  1.2101e-03  1.3723e-03  -1.46106711e+04  -1.45753525e+04     20.86    133.322  31  1.566e-17  0.000e+00
  6325  1.3167e-03  9.7517e-04  1.0418e-03  1.3167e-03  -1.46102343e+04  -1.45798225e+04     21.06    133.849  31  1.446e-17  0.000e+00
  6350  1.2956e-03  9.3380e-04  1.2048e-03  1.2956e-03  -1.46106625e+04  -1.45754991e+04     20.86    134.375  30  1.264e-17  0.000e+00
  6375  1.4473e-03  9.8264e-04  1.1932e-03  1.4473e-03  -1.46108645e+04  -1.45760377e+04     21.53    134.903  30  1.243e-17  0.000e+00
  6400  1.3847e-03  9.1612e-04  1.1156e-03  1.3847e-03  -1.46108871e+04  -1.45783218e+04     21.07    135.430  30  1.353e-17  0.000e+00
  6425  1.4111e-03  9.9011e-04  1.1457e-03  1.4111e-03  -1.46114358e+04  -1.45779930e+04     20.80    135.955  30  1.439e-17  0.000e+00
  6450  1.4392e-03  9.2898e-04  1.2299e-03  1.4392e-03  -1.46117392e+04  -1.45758392e+04     20.95    136.481  30  2.088e-17  0.000e+00
  6475  1.3869e-03  9.7987e-04  1.0904e-03  1.3869e-03  -1.46110740e+04  -1.45792438e+04     20.88    137.007  29  1.401e-17  0.000e+00
# gate it=6500 k=250 kw=125 s1=4.083e+02 s_kw/s1=2.735e-02 fired=1 clipped_neg=24 clipped_pos=5 fired_frac_last250=1.000
# deflate it=6500 alpha=5.686e+01 theta=4.083e+01 clipped_neg=24 clipped_pos=5
  6500  1.4452e-03  9.9035e-04  1.1159e-03  1.4452e-03  -1.46109157e+04  -1.45783416e+04     21.05    137.547  29  1.111e-17  0.000e+00
  6525  1.3195e-03  9.8029e-04  1.2348e-03  1.3195e-03  -1.46118031e+04  -1.45757615e+04     21.08    138.074  29  1.071e-17  0.000e+00
  6550  1.3323e-03  1.0534e-03  1.0897e-03  1.3323e-03  -1.46115528e+04  -1.45797430e+04     21.10    138.603  29  1.157e-17  0.000e+00
  6575  1.3381e-03  1.0268e-03  1.0684e-03  1.3381e-03  -1.46108600e+04  -1.45796720e+04     20.83    139.129  29  1.113e-17  0.000e+00
  6600  1.3255e-03  1.0139e-03  1.1900e-03  1.3255e-03  -1.46107855e+04  -1.45760526e+04     21.06    139.653  29  1.154e-17  0.000e+00
  6625  1.3992e-03  1.0305e-03  1.1528e-03  1.3992e-03  -1.46114681e+04  -1.45778161e+04     20.95    140.182  29  1.430e-17  0.000e+00
  6650  1.4397e-03  1.0435e-03  1.0504e-03  1.4397e-03  -1.46111921e+04  -1.45805288e+04     21.52    140.716  29  1.351e-17  0.000e+00
  6675  1.4235e-03  9.7624e-04  1.0821e-03  1.4235e-03  -1.46113444e+04  -1.45797555e+04     20.93    141.242  29  2.018e-17  0.000e+00
  6700  1.3341e-03  1.0157e-03  1.0524e-03  1.3341e-03  -1.46120242e+04  -1.45812999e+04     20.90    141.766  29  1.307e-17  0.000e+00
  6725  1.3317e-03  1.0227e-03  9.2038e-04  1.3317e-03  -1.46111664e+04  -1.45842946e+04     20.94    142.296  29  1.186e-17  0.000e+00
# gate it=6750 k=250 kw=125 s1=4.132e+02 s_kw/s1=2.704e-02 fired=1 clipped_neg=24 clipped_pos=5 fired_frac_last250=1.000
# deflate it=6750 alpha=5.687e+01 theta=4.132e+01 clipped_neg=24 clipped_pos=5
  6750  1.3503e-03  1.0464e-03  1.0512e-03  1.3503e-03  -1.46109113e+04  -1.45802231e+04     20.86    142.825  29  1.472e-17  0.000e+00
  6775  1.3787e-03  9.7973e-04  1.1347e-03  1.3787e-03  -1.46125747e+04  -1.45794508e+04     21.24    143.353  29  1.195e-17  0.000e+00
  6800  1.3932e-03  9.9865e-04  9.3844e-04  1.3932e-03  -1.46121179e+04  -1.45847174e+04     20.90    143.881  29  1.453e-17  0.000e+00
  6825  1.3446e-03  9.4395e-04  9.9775e-04  1.3446e-03  -1.46113455e+04  -1.45822165e+04     21.48    144.408  29  1.044e-17  0.000e+00
  6850  1.3283e-03  9.4085e-04  1.0518e-03  1.3283e-03  -1.46111017e+04  -1.45803970e+04     21.05    145.056  29  1.551e-17  0.000e+00
  6875  1.3391e-03  9.1990e-04  1.0364e-03  1.3391e-03  -1.46124225e+04  -1.45821648e+04     21.67    145.586  29  1.410e-17  0.000e+00
  6900  1.3701e-03  9.0005e-04  9.4895e-04  1.3701e-03  -1.46115417e+04  -1.45838359e+04     20.89    146.275  29  1.442e-17  0.000e+00
  6925  1.3092e-03  8.6237e-04  1.0158e-03  1.3092e-03  -1.46115999e+04  -1.45819440e+04     22.04    146.804  29  1.462e-17  0.000e+00
  6950  1.4075e-03  9.3805e-04  1.0425e-03  1.4075e-03  -1.46126936e+04  -1.45822567e+04     20.97    147.333  29  1.185e-17  0.000e+00
  6975  1.4007e-03  8.8276e-04  1.0304e-03  1.4007e-03  -1.46128299e+04  -1.45827451e+04     21.24    147.859  29  1.030e-17  0.000e+00
# gate it=7000 k=250 kw=125 s1=4.178e+02 s_kw/s1=2.666e-02 fired=1 clipped_neg=24 clipped_pos=5 fired_frac_last250=1.000
# deflate it=7000 alpha=5.684e+01 theta=4.178e+01 clipped_neg=24 clipped_pos=5
  7000  1.3205e-03  8.9962e-04  1.0668e-03  1.3205e-03  -1.46131066e+04  -1.45819608e+04     21.05    148.389  29  1.157e-17  0.000e+00
  7025  1.3976e-03  9.0747e-04  1.0298e-03  1.3976e-03  -1.46130206e+04  -1.45829533e+04     21.69    148.920  28  1.135e-17  0.000e+00
  7050  1.3229e-03  9.0070e-04  1.0315e-03  1.3229e-03  -1.46130398e+04  -1.45829245e+04     20.89    149.449  28  1.194e-17  0.000e+00
  7075  1.4314e-03  9.2422e-04  9.7283e-04  1.4314e-03  -1.46132003e+04  -1.45847947e+04     21.20    150.082  28  1.024e-17  0.000e+00
  7100  1.3997e-03  9.9957e-04  1.0745e-03  1.3997e-03  -1.46132459e+04  -1.45818757e+04     21.39    150.613  28  1.085e-17  0.000e+00
  7125  1.3404e-03  9.9238e-04  1.0617e-03  1.3404e-03  -1.46139253e+04  -1.45829267e+04     20.98    151.144  28  1.044e-17  0.000e+00
  7150  1.3232e-03  9.5132e-04  9.1434e-04  1.3232e-03  -1.46126437e+04  -1.45859455e+04     21.89    151.673  28  1.176e-17  0.000e+00
  7175  1.4143e-03  1.0032e-03  9.9332e-04  1.4143e-03  -1.46120361e+04  -1.45830349e+04     20.92    152.202  28  1.012e-17  0.000e+00
  7200  1.3198e-03  9.9672e-04  1.0320e-03  1.3198e-03  -1.46127575e+04  -1.45826262e+04     21.28    152.735  28  9.974e-18  0.000e+00
  7225  1.3796e-03  9.6768e-04  1.0018e-03  1.3796e-03  -1.46135814e+04  -1.45843305e+04     21.25    153.268  28  1.069e-17  0.000e+00
# gate it=7250 k=250 kw=125 s1=4.223e+02 s_kw/s1=2.638e-02 fired=1 clipped_neg=24 clipped_pos=4 fired_frac_last250=1.000
# deflate it=7250 alpha=5.867e+01 theta=4.223e+01 clipped_neg=24 clipped_pos=4
  7250  1.3556e-03  1.0190e-03  9.5636e-04  1.3556e-03  -1.46130432e+04  -1.45851184e+04     20.98    153.802  28  1.149e-17  0.000e+00
  7275  1.3473e-03  9.9213e-04  1.0221e-03  1.3473e-03  -1.46132640e+04  -1.45834201e+04     21.20    154.332  28  1.197e-17  0.000e+00
  7300  1.2685e-03  9.2860e-04  1.0940e-03  1.2685e-03  -1.46146366e+04  -1.45826944e+04     20.90    154.860  28  9.969e-18  0.000e+00
  7325  1.3796e-03  9.9885e-04  9.1495e-04  1.3796e-03  -1.46128289e+04  -1.45861123e+04     21.06    155.386  28  1.041e-17  0.000e+00
  7350  1.3749e-03  9.3252e-04  9.7304e-04  1.3749e-03  -1.46131038e+04  -1.45846922e+04     20.99    155.918  28  9.883e-18  0.000e+00
  7375  1.3909e-03  9.5810e-04  1.0662e-03  1.3909e-03  -1.46137282e+04  -1.45825981e+04     21.53    156.446  28  9.997e-18  0.000e+00
  7400  1.3663e-03  9.5543e-04  9.5026e-04  1.3663e-03  -1.46139445e+04  -1.45861958e+04     21.05    156.980  28  1.033e-17  0.000e+00
  7425  1.3944e-03  9.4317e-04  8.8734e-04  1.3944e-03  -1.46132286e+04  -1.45873169e+04     21.00    157.512  28  1.002e-17  0.000e+00
  7450  1.5558e-03  9.9827e-04  1.0242e-03  1.5558e-03  -1.46127019e+04  -1.45827999e+04     21.48    158.041  28  1.256e-17  0.000e+00
  7475  1.3949e-03  9.5963e-04  1.0265e-03  1.3949e-03  -1.46142308e+04  -1.45842570e+04     20.90    158.571  28  1.042e-17  0.000e+00
# gate it=7500 k=250 kw=125 s1=4.266e+02 s_kw/s1=2.612e-02 fired=1 clipped_neg=24 clipped_pos=4 fired_frac_last250=1.000
# deflate it=7500 alpha=5.896e+01 theta=4.266e+01 clipped_neg=24 clipped_pos=4
  7500  1.3930e-03  9.3997e-04  8.6621e-04  1.3930e-03  -1.46138292e+04  -1.45885329e+04     20.94    159.097  28  1.008e-17  0.000e+00
  7525  1.4566e-03  9.6311e-04  9.4376e-04  1.4566e-03  -1.46128373e+04  -1.45852802e+04     21.04    159.628  28  1.032e-17  0.000e+00
  7550  1.5441e-03  1.0100e-03  1.1466e-03  1.5441e-03  -1.46150253e+04  -1.45815482e+04     20.95    160.155  28  1.155e-17  0.000e+00
  7575  1.3955e-03  9.1854e-04  9.0724e-04  1.3955e-03  -1.46156313e+04  -1.45891345e+04     21.05    160.685  28  1.051e-17  0.000e+00
  7600  1.4823e-03  9.3480e-04  8.2204e-04  1.4823e-03  -1.46128760e+04  -1.45888701e+04     20.99    161.214  28  1.058e-17  0.000e+00
  7625  1.4026e-03  9.0234e-04  1.0698e-03  1.4026e-03  -1.46135171e+04  -1.45822815e+04     20.95    161.745  28  1.058e-17  0.000e+00
  7650  1.4197e-03  9.2134e-04  9.9106e-04  1.4197e-03  -1.46148968e+04  -1.45859560e+04     21.87    162.277  28  1.126e-17  0.000e+00
  7675  1.3511e-03  9.0648e-04  7.3880e-04  1.3511e-03  -1.46139992e+04  -1.45924208e+04     20.88    162.805  28  1.124e-17  0.000e+00
  7700  1.4562e-03  9.0594e-04  8.6204e-04  1.4562e-03  -1.46141535e+04  -1.45889784e+04     21.19    163.340  28  1.201e-17  0.000e+00
  7725  1.4734e-03  9.2642e-04  1.0191e-03  1.4734e-03  -1.46151492e+04  -1.45853886e+04     20.90    163.865  28  1.005e-17  0.000e+00
# gate it=7750 k=250 kw=125 s1=4.308e+02 s_kw/s1=2.581e-02 fired=1 clipped_neg=24 clipped_pos=4 fired_frac_last250=1.000
# deflate it=7750 alpha=5.871e+01 theta=4.308e+01 clipped_neg=24 clipped_pos=4
  7750  1.3875e-03  9.0747e-04  8.6280e-04  1.3875e-03  -1.46148390e+04  -1.45896407e+04     21.51    164.396  28  9.580e-18  0.000e+00
  7775  1.3929e-03  9.6446e-04  7.4938e-04  1.3929e-03  -1.46137656e+04  -1.45918789e+04     21.25    164.927  27  1.063e-17  0.000e+00
  7800  1.4183e-03  9.9917e-04  1.0109e-03  1.4183e-03  -1.46145329e+04  -1.45850130e+04     21.31    165.456  27  1.080e-17  0.000e+00
  7825  1.3656e-03  9.7053e-04  9.4346e-04  1.3656e-03  -1.46153032e+04  -1.45877504e+04     21.00    165.984  27  1.140e-17  0.000e+00
  7850  1.3744e-03  9.9470e-04  8.4325e-04  1.3744e-03  -1.46146419e+04  -1.45900143e+04     21.23    166.524  27  9.829e-18  0.000e+00
  7875  1.4327e-03  9.8732e-04  9.0474e-04  1.4327e-03  -1.46146017e+04  -1.45881799e+04     21.02    167.058  27  1.183e-17  0.000e+00
  7900  1.3645e-03  9.6066e-04  9.1872e-04  1.3645e-03  -1.46150916e+04  -1.45882610e+04     21.80    167.590  26  9.142e-18  0.000e+00
  7925  1.4430e-03  9.4618e-04  8.2767e-04  1.4430e-03  -1.46146921e+04  -1.45905190e+04     20.89    168.118  26  8.633e-18  0.000e+00
  7950  1.4938e-03  1.0438e-03  9.0598e-04  1.4938e-03  -1.46155091e+04  -1.45890495e+04     21.84    168.648  26  8.640e-18  0.000e+00
  7975  1.4365e-03  1.0065e-03  8.3206e-04  1.4365e-03  -1.46144691e+04  -1.45901682e+04     20.91    169.177  26  1.055e-17  0.000e+00
# gate it=8000 k=250 kw=125 s1=4.347e+02 s_kw/s1=2.558e-02 fired=1 clipped_neg=23 clipped_pos=3 fired_frac_last250=1.000
# deflate it=8000 alpha=6.089e+01 theta=4.347e+01 clipped_neg=23 clipped_pos=3
  8000  1.3438e-03  9.9933e-04  8.6795e-04  1.3438e-03  -1.46142174e+04  -1.45888696e+04     21.25    169.703  26  1.059e-17  0.000e+00
  8025  1.4490e-03  1.0142e-03  9.2724e-04  1.4490e-03  -1.46157100e+04  -1.45886297e+04     20.95    170.231  26  8.941e-18  0.000e+00
  8050  1.4004e-03  9.7861e-04  8.5629e-04  1.4004e-03  -1.46157527e+04  -1.45907425e+04     21.82    170.761  26  9.569e-18  0.000e+00
  8075  1.4559e-03  1.0347e-03  8.2872e-04  1.4559e-03  -1.46138252e+04  -1.45896229e+04     20.93    171.289  26  9.078e-18  0.000e+00
  8100  1.3800e-03  1.0601e-03  9.0678e-04  1.3800e-03  -1.46151852e+04  -1.45887028e+04     21.79    171.819  26  8.865e-18  0.000e+00
  8125  1.3762e-03  1.0493e-03  9.0221e-04  1.3762e-03  -1.46156802e+04  -1.45893302e+04     20.89    172.351  26  9.449e-18  0.000e+00
  8150  1.3970e-03  9.7156e-04  7.5203e-04  1.3970e-03  -1.46146555e+04  -1.45926900e+04     21.45    172.879  26  8.544e-18  0.000e+00
  8175  1.3662e-03  9.3073e-04  8.6599e-04  1.3662e-03  -1.46145513e+04  -1.45892601e+04     20.90    173.412  26  1.020e-17  0.000e+00
  8200  1.4743e-03  9.7585e-04  9.7406e-04  1.4743e-03  -1.46155935e+04  -1.45871474e+04     21.05    173.942  25  1.008e-17  0.000e+00
  8225  1.4744e-03  9.5656e-04  8.3511e-04  1.4744e-03  -1.46149921e+04  -1.45906014e+04     21.21    174.471  25  1.022e-17  0.000e+00
# gate it=8250 k=250 kw=125 s1=4.385e+02 s_kw/s1=2.536e-02 fired=1 clipped_neg=22 clipped_pos=3 fired_frac_last250=1.000
# deflate it=8250 alpha=6.077e+01 theta=4.385e+01 clipped_neg=22 clipped_pos=3
  8250  1.3970e-03  9.6694e-04  7.9487e-04  1.3970e-03  -1.46153560e+04  -1.45921390e+04     20.94    175.002  25  9.007e-18  0.000e+00
  8275  1.3406e-03  9.6777e-04  9.6032e-04  1.3406e-03  -1.46158695e+04  -1.45878235e+04     21.55    175.534  25  8.809e-18  0.000e+00
  8300  1.3972e-03  9.2154e-04  8.7849e-04  1.3972e-03  -1.46159687e+04  -1.45903105e+04     20.90    176.062  25  8.369e-18  0.000e+00
  8325  1.3865e-03  9.7038e-04  7.7275e-04  1.3865e-03  -1.46151622e+04  -1.45925912e+04     21.22    176.592  25  8.919e-18  0.000e+00
  8350  1.4657e-03  1.0184e-03  8.6394e-04  1.4657e-03  -1.46153440e+04  -1.45901114e+04     20.92    177.122  25  9.625e-18  0.000e+00
  8375  1.4343e-03  9.6209e-04  9.1322e-04  1.4343e-03  -1.46161361e+04  -1.45894641e+04     21.36    177.652  25  8.772e-18  0.000e+00
  8400  1.3378e-03  9.4451e-04  8.3030e-04  1.3378e-03  -1.46156648e+04  -1.45914133e+04     21.06    178.183  25  1.003e-17  0.000e+00
  8425  1.3760e-03  9.1418e-04  7.8892e-04  1.3760e-03  -1.46151185e+04  -1.45920757e+04     21.07    178.717  25  8.948e-18  0.000e+00
  8450  1.3962e-03  9.0432e-04  8.6336e-04  1.3962e-03  -1.46154991e+04  -1.45902830e+04     21.61    179.249  25  9.003e-18  0.000e+00
  8475  1.3441e-03  9.3274e-04  8.9171e-04  1.3441e-03  -1.46163650e+04  -1.45903202e+04     20.89    179.777  25  9.719e-18  0.000e+00
# gate it=8500 k=250 kw=125 s1=4.422e+02 s_kw/s1=2.502e-02 fired=1 clipped_neg=22 clipped_pos=3 fired_frac_last250=1.000
# deflate it=8500 alpha=6.089e+01 theta=4.422e+01 clipped_neg=22 clipped_pos=3
  8500  1.4342e-03  9.4866e-04  7.9660e-04  1.4342e-03  -1.46162717e+04  -1.45930027e+04     21.10    180.308  25  9.274e-18  0.000e+00
  8525  1.5015e-03  1.0248e-03  8.1772e-04  1.5015e-03  -1.46152496e+04  -1.45913658e+04     20.95    180.836  25  8.386e-18  0.000e+00
  8550  1.4710e-03  9.8673e-04  8.9168e-04  1.4710e-03  -1.46160762e+04  -1.45900328e+04     21.38    181.365  25  9.770e-18  0.000e+00
  8575  1.4391e-03  9.4847e-04  7.8530e-04  1.4391e-03  -1.46156972e+04  -1.45927590e+04     21.81    181.904  25  8.920e-18  0.000e+00
  8600  1.3275e-03  1.0290e-03  8.2133e-04  1.3275e-03  -1.46162710e+04  -1.45922805e+04     20.97    182.439  25  9.924e-18  0.000e+00
  8625  1.4187e-03  1.0254e-03  8.7576e-04  1.4187e-03  -1.46160064e+04  -1.45904277e+04     20.94    182.969  25  1.032e-17  0.000e+00
  8650  1.4518e-03  1.0612e-03  7.7415e-04  1.4518e-03  -1.46173564e+04  -1.45947411e+04     21.21    183.501  25  9.540e-18  0.000e+00
  8675  1.3534e-03  1.0122e-03  6.6696e-04  1.3534e-03  -1.46168242e+04  -1.45973388e+04     20.89    184.029  25  9.542e-18  0.000e+00
  8700  1.4031e-03  9.9595e-04  7.9246e-04  1.4031e-03  -1.46162955e+04  -1.45931474e+04     21.48    184.561  25  8.328e-18  0.000e+00
  8725  1.3921e-03  9.3455e-04  9.0424e-04  1.3921e-03  -1.46171761e+04  -1.45907642e+04     21.34    185.092  25  9.540e-18  0.000e+00
# gate it=8750 k=250 kw=125 s1=4.458e+02 s_kw/s1=2.484e-02 fired=1 clipped_neg=22 clipped_pos=3 fired_frac_last250=1.000
# deflate it=8750 alpha=6.085e+01 theta=4.458e+01 clipped_neg=22 clipped_pos=3
  8750  1.3456e-03  9.3280e-04  6.7861e-04  1.3456e-03  -1.46170283e+04  -1.45972026e+04     20.92    185.622  25  8.893e-18  0.000e+00
  8775  1.4370e-03  1.0256e-03  6.8837e-04  1.4370e-03  -1.46166152e+04  -1.45965049e+04     21.83    186.151  25  9.367e-18  0.000e+00
  8800  1.3496e-03  9.6676e-04  8.4722e-04  1.3496e-03  -1.46163535e+04  -1.45916072e+04     20.93    186.684  25  9.726e-18  0.000e+00
  8825  1.4333e-03  9.9458e-04  7.9182e-04  1.4333e-03  -1.46169667e+04  -1.45938361e+04     21.55    187.215  25  9.077e-18  0.000e+00
  8850  1.5362e-03  1.0044e-03  6.1528e-04  1.5362e-03  -1.46163754e+04  -1.45983995e+04     21.02    187.746  25  9.353e-18  0.000e+00
  8875  1.4239e-03  9.5922e-04  8.3751e-04  1.4239e-03  -1.46165829e+04  -1.45921194e+04     21.00    188.276  25  1.056e-17  0.000e+00
  8900  1.4781e-03  1.0375e-03  8.0494e-04  1.4781e-03  -1.46171833e+04  -1.45936696e+04     21.01    188.804  25  8.356e-18  0.000e+00
  8925  1.4368e-03  9.4205e-04  6.5242e-04  1.4368e-03  -1.46167883e+04  -1.45977274e+04     21.35    189.334  25  8.986e-18  0.000e+00
  8950  1.4442e-03  9.4485e-04  7.0281e-04  1.4442e-03  -1.46158645e+04  -1.45953338e+04     21.69    189.866  25  8.845e-18  0.000e+00
  8975  1.3717e-03  9.0255e-04  8.7908e-04  1.3717e-03  -1.46175565e+04  -1.45918781e+04     20.93    190.398  25  9.777e-18  0.000e+00
# gate it=9000 k=250 kw=125 s1=4.491e+02 s_kw/s1=2.466e-02 fired=1 clipped_neg=22 clipped_pos=3 fired_frac_last250=1.000
# deflate it=9000 alpha=6.090e+01 theta=4.491e+01 clipped_neg=22 clipped_pos=3
  9000  1.4988e-03  9.2868e-04  7.5362e-04  1.4988e-03  -1.46172025e+04  -1.45951867e+04     21.42    190.926  25  9.060e-18  0.000e+00
  9025  1.3551e-03  9.7223e-04  6.0025e-04  1.3551e-03  -1.46159355e+04  -1.45983992e+04     20.99    191.454  25  8.711e-18  0.000e+00
  9050  1.4088e-03  9.4254e-04  7.3048e-04  1.4088e-03  -1.46164084e+04  -1.45950693e+04     22.10    191.985  25  9.926e-18  0.000e+00
  9075  1.4368e-03  9.2521e-04  8.2089e-04  1.4368e-03  -1.46174263e+04  -1.45934465e+04     21.80    192.520  25  8.717e-18  0.000e+00
  9100  1.3989e-03  9.5894e-04  7.5131e-04  1.3989e-03  -1.46174279e+04  -1.45954791e+04     20.94    193.054  25  8.802e-18  0.000e+00
  9125  1.3543e-03  9.5113e-04  6.7101e-04  1.3543e-03  -1.46172615e+04  -1.45976572e+04     21.30    193.582  25  8.705e-18  0.000e+00
  9150  1.4833e-03  9.5795e-04  7.4732e-04  1.4833e-03  -1.46165084e+04  -1.45946776e+04     20.94    194.113  25  8.832e-18  0.000e+00
  9175  1.3774e-03  9.2207e-04  7.5379e-04  1.3774e-03  -1.46171873e+04  -1.45951666e+04     21.02    194.644  25  9.502e-18  0.000e+00
  9200  1.4015e-03  9.1854e-04  6.9769e-04  1.4015e-03  -1.46172448e+04  -1.45968617e+04     21.21    195.175  25  8.983e-18  0.000e+00
  9225  1.4166e-03  9.1815e-04  6.8076e-04  1.4166e-03  -1.46165363e+04  -1.45966484e+04     20.96    195.705  25  9.436e-18  0.000e+00
# gate it=9250 k=250 kw=125 s1=4.524e+02 s_kw/s1=2.433e-02 fired=1 clipped_neg=22 clipped_pos=3 fired_frac_last250=1.000
# deflate it=9250 alpha=6.088e+01 theta=4.524e+01 clipped_neg=22 clipped_pos=3
  9250  1.3627e-03  8.9824e-04  7.7279e-04  1.3627e-03  -1.46181154e+04  -1.45955386e+04     21.32    196.232  25  9.095e-18  0.000e+00
  9275  1.4347e-03  9.0432e-04  7.0843e-04  1.4347e-03  -1.46181394e+04  -1.45974414e+04     21.00    196.765  25  9.743e-18  0.000e+00
  9300  1.3539e-03  9.2879e-04  7.0366e-04  1.3539e-03  -1.46169462e+04  -1.45963894e+04     21.85    197.295  25  9.481e-18  0.000e+00
  9325  1.4286e-03  9.5263e-04  7.5181e-04  1.4286e-03  -1.46174133e+04  -1.45954499e+04     20.89    197.823  25  8.710e-18  0.000e+00
  9350  1.3825e-03  9.6011e-04  7.0971e-04  1.3825e-03  -1.46168335e+04  -1.45961002e+04     21.89    198.355  25  9.374e-18  0.000e+00
  9375  1.3612e-03  9.4536e-04  6.3547e-04  1.3612e-03  -1.46167284e+04  -1.45981625e+04     21.33    198.887  25  9.814e-18  0.000e+00
  9400  1.3319e-03  9.4888e-04  7.4998e-04  1.3319e-03  -1.46175626e+04  -1.45956524e+04     20.93    199.418  25  1.054e-17  0.000e+00
  9425  1.3891e-03  9.4123e-04  7.6742e-04  1.3891e-03  -1.46179848e+04  -1.45955650e+04     21.00    199.947  25  9.203e-18  0.000e+00
  9450  1.4540e-03  9.5234e-04  6.5055e-04  1.4540e-03  -1.46183455e+04  -1.45993372e+04     21.03    200.475  25  9.122e-18  0.000e+00
  9475  1.4048e-03  9.2541e-04  6.2155e-04  1.4048e-03  -1.46162100e+04  -1.45980512e+04     21.02    201.006  25  9.797e-18  0.000e+00
# gate it=9500 k=250 kw=125 s1=4.556e+02 s_kw/s1=2.418e-02 fired=1 clipped_neg=22 clipped_pos=3 fired_frac_last250=1.000
# deflate it=9500 alpha=6.077e+01 theta=4.556e+01 clipped_neg=22 clipped_pos=3
  9500  1.4366e-03  1.0103e-03  8.1176e-04  1.4366e-03  -1.46182324e+04  -1.45945179e+04     20.99    201.534  25  9.599e-18  0.000e+00
  9525  1.5008e-03  9.8396e-04  7.4257e-04  1.5008e-03  -1.46184371e+04  -1.45967420e+04     22.29    202.066  25  9.472e-18  0.000e+00
  9550  1.4441e-03  9.4127e-04  5.2617e-04  1.4441e-03  -1.46177570e+04  -1.46023816e+04     20.91    202.595  25  1.024e-17  0.000e+00
  9575  1.4496e-03  9.9068e-04  6.0040e-04  1.4496e-03  -1.46174995e+04  -1.45999568e+04     21.44    203.121  25  1.021e-17  0.000e+00
  9600  1.4603e-03  9.3825e-04  7.7332e-04  1.4603e-03  -1.46182973e+04  -1.45957048e+04     20.91    203.652  25  9.656e-18  0.000e+00
  9625  1.4997e-03  8.7911e-04  6.5254e-04  1.4997e-03  -1.46185988e+04  -1.45995322e+04     21.27    204.279  25  8.750e-18  0.000e+00
  9650  1.4542e-03  1.0062e-03  5.6088e-04  1.4542e-03  -1.46179468e+04  -1.46015575e+04     20.96    204.810  25  1.011e-17  0.000e+00
  9675  1.4038e-03  9.3900e-04  6.3476e-04  1.4038e-03  -1.46175233e+04  -1.45989770e+04     21.44    205.341  25  9.117e-18  0.000e+00
  9700  1.4309e-03  9.7004e-04  7.7796e-04  1.4309e-03  -1.46189045e+04  -1.45961756e+04     20.87    205.871  25  9.324e-18  0.000e+00
  9725  1.3742e-03  9.5396e-04  5.8560e-04  1.3742e-03  -1.46187095e+04  -1.46015975e+04     21.08    206.401  25  9.076e-18  0.000e+00
# gate it=9750 k=250 kw=125 s1=4.586e+02 s_kw/s1=2.401e-02 fired=1 clipped_neg=22 clipped_pos=3 fired_frac_last250=1.000
# deflate it=9750 alpha=6.093e+01 theta=4.586e+01 clipped_neg=22 clipped_pos=3
  9750  1.4872e-03  9.6167e-04  5.6972e-04  1.4872e-03  -1.46176962e+04  -1.46010490e+04     21.11    206.931  25  9.961e-18  0.000e+00
  9775  1.3405e-03  9.3746e-04  7.9027e-04  1.3405e-03  -1.46189426e+04  -1.45958542e+04     20.96    207.463  25  9.636e-18  0.000e+00
  9800  1.4004e-03  9.4380e-04  6.5580e-04  1.4004e-03  -1.46193279e+04  -1.46001650e+04     21.63    207.995  25  9.229e-18  0.000e+00
  9825  1.4021e-03  9.1103e-04  5.1899e-04  1.4021e-03  -1.46186655e+04  -1.46034991e+04     20.90    208.523  25  8.997e-18  0.000e+00
  9850  1.4016e-03  9.6012e-04  6.4799e-04  1.4016e-03  -1.46181142e+04  -1.45991810e+04     21.45    209.059  25  9.078e-18  0.000e+00
  9875  1.4935e-03  9.8583e-04  8.0237e-04  1.4935e-03  -1.46193999e+04  -1.45959576e+04     21.75    209.588  25  8.090e-18  0.000e+00
  9900  1.3917e-03  9.1494e-04  5.3662e-04  1.3917e-03  -1.46186644e+04  -1.46029830e+04     21.04    210.119  25  9.455e-18  0.000e+00
  9925  1.4684e-03  9.6565e-04  4.8515e-04  1.4684e-03  -1.46177977e+04  -1.46036203e+04     21.26    210.656  25  9.421e-18  0.000e+00
  9950  1.4408e-03  9.2587e-04  7.4966e-04  1.4408e-03  -1.46181161e+04  -1.45962147e+04     21.81    211.189  24  8.829e-18  0.000e+00
  9975  1.4639e-03  8.9550e-04  8.2381e-04  1.4639e-03  -1.46200845e+04  -1.45960151e+04     20.88    211.719  24  9.296e-18  0.000e+00
# gate it=10000 k=250 kw=125 s1=4.615e+02 s_kw/s1=2.386e-02 fired=1 clipped_neg=21 clipped_pos=3 fired_frac_last250=1.000
# deflate it=10000 alpha=6.488e+01 theta=4.615e+01 clipped_neg=21 clipped_pos=3
 10000  1.5088e-03  9.5416e-04  5.6238e-04  1.5088e-03  -1.46201880e+04  -1.46037525e+04     21.26    212.249  24  1.014e-17  0.000e+00
# deflation summary: gate evaluated 9901 its (it>=100), fired 9557 (96.5%) [clipped a negative head 9557 times, a positive one 9557]; deflated projections 9557; last alpha=6.488e+01
# symmetry defect eps_sym = ||P-P^T||_F/||P||_F on 420 logged iterates (383 on the deflated path), symmetrize=1:
#   before symmetrization: all mean 1.437e-17 median 1.427e-17 max 3.903e-17 | deflated-path mean 1.576e-17 median 1.476e-17 max 3.903e-17
#   after  symmetrization: all mean 0.000e+00 median 0.000e+00 max 0.000e+00 | deflated-path mean 0.000e+00 median 0.000e+00 max 0.000e+00
# symmetrize=1: 4150.0 ms total (0.415 ms/it), included in proj time
# rank(X) at relative thresholds 1e-6 / 1e-4 / 1e-3 of lambda_max: 1761 / 25 / 25

FINAL problem=data/G59mc.sdp mode=deflated16 sigma=1 iters=10000 | pinf 1.509e-03 dinf 9.542e-04 gap 5.624e-04 eta 1.509e-03 | lmin(X) -3.577e-02 lmin(S) -3.106e-03 eta_full 1.509e-03 | rank(X) 1761/5000 | obj -1.46201880e+04 | proj 212.2 s (21.2 ms/it) wall 220.5 s | symmetrize 1 eps_raw_max 3.903e-17 eps_used_max 0.000e+00
