# min-bisection SDP  problem=data/G60_mb.sdp n=7000 m=7001 F0_nnz=24105  mode=baseline16 sigma=1 eta_tol=0 window=0.025 gamma=1.1 symmetrize=1  ||C||_F=1.213724e+02
# iter  pinf        dinf        gap         eta         obj_primal      obj_dual        proj_ms  cum_proj_s  deflated  eps_sym_raw  eps_sym_used
     1  1.5679e+01  7.8131e-01  4.1240e-01  1.5679e+01  +6.47982195e+03  +1.55762252e+04    100.78      0.101  0  0.000e+00  0.000e+00
     2  2.6562e+01  2.9866e-01  1.6002e-01  2.6562e+01  +6.18607036e+03  +8.54313383e+03     37.34      0.138  0  0.000e+00  0.000e+00
     3  2.4529e+01  2.1026e-01  9.8703e-02  2.4529e+01  +5.76327755e+03  +7.02567971e+03     37.61      0.176  0  0.000e+00  0.000e+00
     4  1.9893e+01  1.6197e-01  4.5799e-02  1.9893e+01  +5.17084690e+03  +5.66727143e+03     38.69      0.214  0  0.000e+00  0.000e+00
     5  1.5910e+01  1.3549e-01  2.6274e-02  1.5910e+01  +4.64651756e+03  +4.89729590e+03     38.26      0.253  0  0.000e+00  0.000e+00
     6  1.2945e+01  1.1556e-01  3.0921e-02  1.2945e+01  +4.24656052e+03  +4.51758324e+03     39.06      0.292  0  0.000e+00  0.000e+00
     7  1.0774e+01  9.9371e-02  4.8444e-02  1.0774e+01  +3.96367006e+03  +4.36730727e+03     38.89      0.331  0  0.000e+00  0.000e+00
     8  9.1627e+00  8.6873e-02  6.8381e-02  9.1627e+00  +3.77239777e+03  +4.32625730e+03     39.10      0.370  0  0.000e+00  0.000e+00
     9  7.9564e+00  7.7926e-02  8.4032e-02  7.9564e+00  +3.64526133e+03  +4.31419261e+03     38.68      0.408  0  0.000e+00  0.000e+00
    10  7.0481e+00  7.1567e-02  9.3051e-02  7.0481e+00  +3.55872091e+03  +4.28906178e+03     38.66      0.447  0  0.000e+00  0.000e+00
    11  6.3571e+00  6.6695e-02  9.5903e-02  6.3571e+00  +3.49494682e+03  +4.23651308e+03     38.09      0.485  0  0.000e+00  0.000e+00
    12  5.8104e+00  6.2618e-02  9.4332e-02  5.8104e+00  +3.44228185e+03  +4.15946180e+03     38.87      0.524  0  0.000e+00  0.000e+00
    13  5.3626e+00  5.9048e-02  9.0335e-02  5.3626e+00  +3.39407765e+03  +4.06828230e+03     39.47      0.563  0  0.000e+00  0.000e+00
    14  4.9769e+00  5.5877e-02  8.5644e-02  4.9769e+00  +3.34724877e+03  +3.97438656e+03     38.83      0.602  0  0.000e+00  0.000e+00
    15  4.6459e+00  5.3045e-02  8.1480e-02  4.6459e+00  +3.30129764e+03  +3.88708722e+03     38.57      0.641  0  0.000e+00  0.000e+00
    16  4.3504e+00  5.0546e-02  7.8499e-02  4.3504e+00  +3.25675807e+03  +3.81170697e+03     38.28      0.679  0  0.000e+00  0.000e+00
    17  4.0938e+00  4.8282e-02  7.6837e-02  4.0938e+00  +3.21474375e+03  +3.74996708e+03     38.50      0.718  0  0.000e+00  0.000e+00
    18  3.8555e+00  4.6234e-02  7.6277e-02  3.8555e+00  +3.17600587e+03  +3.70061157e+03     38.36      0.756  0  0.000e+00  0.000e+00
    19  3.6630e+00  4.4388e-02  7.6471e-02  3.6630e+00  +3.14073170e+03  +3.66093706e+03     38.30      0.794  0  0.000e+00  0.000e+00
    20  3.4839e+00  4.2682e-02  7.7030e-02  3.4839e+00  +3.10927775e+03  +3.62835792e+03     38.56      0.833  0  0.000e+00  0.000e+00
    25  2.8675e+00  3.6191e-02  7.6078e-02  2.8675e+00  +2.99234023e+03  +3.48521658e+03     40.03      1.040  0  0.000e+00  0.000e+00
    50  1.6678e+00  2.1942e-02  6.2994e-02  1.6678e+00  +2.69566071e+03  +3.05817954e+03     39.00      2.029  0  0.000e+00  0.000e+00
    75  1.2398e+00  1.6506e-02  5.6630e-02  1.2398e+00  +2.56192426e+03  +2.86956518e+03     41.20      3.018  0  0.000e+00  0.000e+00
   100  1.0122e+00  1.3550e-02  5.2101e-02  1.0122e+00  +2.48041517e+03  +2.75313918e+03     40.42      4.007  0  0.000e+00  0.000e+00
   125  8.7706e-01  1.1610e-02  4.8510e-02  8.7706e-01  +2.42402593e+03  +2.67124375e+03     39.68      4.992  0  0.000e+00  0.000e+00
   150  7.6788e-01  1.0286e-02  4.5850e-02  7.6788e-01  +2.38174380e+03  +2.61069409e+03     39.38      5.984  0  0.000e+00  0.000e+00
   175  6.8478e-01  9.3013e-03  4.3746e-02  6.8478e-01  +2.34832309e+03  +2.56322858e+03     39.32      6.973  0  0.000e+00  0.000e+00
   200  6.2242e-01  8.5613e-03  4.1695e-02  6.2242e-01  +2.32126038e+03  +2.52329447e+03     38.69      7.969  0  0.000e+00  0.000e+00
   225  5.7095e-01  7.9667e-03  4.0349e-02  5.7095e-01  +2.29854176e+03  +2.49186838e+03     39.46      8.965  0  0.000e+00  0.000e+00
   250  5.4545e-01  7.4944e-03  3.9061e-02  5.4545e-01  +2.27922289e+03  +2.46455976e+03     39.50      9.956  0  0.000e+00  0.000e+00
   275  5.1867e-01  7.1338e-03  3.7724e-02  5.1867e-01  +2.26239864e+03  +2.43982499e+03     39.62     10.947  0  0.000e+00  0.000e+00
   300  4.7173e-01  6.8565e-03  3.6828e-02  4.7173e-01  +2.24771648e+03  +2.41964511e+03     39.28     11.941  0  0.000e+00  0.000e+00
   325  4.5955e-01  6.5499e-03  3.5197e-02  4.5955e-01  +2.23468338e+03  +2.39776584e+03     39.68     12.929  0  0.000e+00  0.000e+00
   350  4.4363e-01  6.3361e-03  3.4414e-02  4.4363e-01  +2.22298743e+03  +2.38148192e+03     38.49     13.920  0  0.000e+00  0.000e+00
   375  4.0070e-01  6.1558e-03  3.3357e-02  4.0070e-01  +2.21242064e+03  +2.36514620e+03     38.55     14.909  0  0.000e+00  0.000e+00
   400  4.1576e-01  5.9918e-03  3.2630e-02  4.1576e-01  +2.20283947e+03  +2.35147853e+03     39.39     15.902  0  0.000e+00  0.000e+00
   425  3.6884e-01  5.8572e-03  3.1999e-02  3.6884e-01  +2.19411616e+03  +2.33920881e+03     40.32     16.886  0  0.000e+00  0.000e+00
   450  3.5451e-01  5.7175e-03  3.1320e-02  3.5451e-01  +2.18604462e+03  +2.32744024e+03     38.92     17.872  0  0.000e+00  0.000e+00
   475  3.4422e-01  5.6199e-03  3.0685e-02  3.4422e-01  +2.17863005e+03  +2.31659539e+03     39.91     18.865  0  0.000e+00  0.000e+00
   500  3.3988e-01  5.5038e-03  2.9928e-02  3.3988e-01  +2.17159582e+03  +2.30562015e+03     38.13     19.934  0  0.000e+00  0.000e+00
   525  3.3633e-01  5.4010e-03  2.9859e-02  3.3633e-01  +2.16519539e+03  +2.29850859e+03     39.71     20.924  0  0.000e+00  0.000e+00
   550  3.5057e-01  5.3362e-03  2.8634e-02  3.5057e-01  +2.15920439e+03  +2.28653173e+03     41.04     21.911  0  0.000e+00  0.000e+00
   575  3.3481e-01  5.2668e-03  2.8345e-02  3.3481e-01  +2.15363990e+03  +2.27932042e+03     38.43     22.894  0  0.000e+00  0.000e+00
   600  3.2881e-01  5.1929e-03  2.8283e-02  3.2881e-01  +2.14834105e+03  +2.27342823e+03     40.27     23.889  0  0.000e+00  0.000e+00
   625  3.2254e-01  5.1350e-03  2.7780e-02  3.2254e-01  +2.14326575e+03  +2.26577559e+03     39.19     24.879  0  0.000e+00  0.000e+00
   650  2.9232e-01  5.0368e-03  2.6834e-02  2.9232e-01  +2.13850056e+03  +2.25646204e+03     39.59     25.868  0  0.000e+00  0.000e+00
   675  2.7004e-01  5.0015e-03  2.6888e-02  2.7004e-01  +2.13400424e+03  +2.25196155e+03     39.03     26.859  0  0.000e+00  0.000e+00
   700  2.6024e-01  4.9412e-03  2.6467e-02  2.6024e-01  +2.12981302e+03  +2.24564494e+03     38.44     27.849  0  0.000e+00  0.000e+00
   725  2.5436e-01  4.8874e-03  2.5900e-02  2.5436e-01  +2.12575077e+03  +2.23882072e+03     40.13     28.837  0  0.000e+00  0.000e+00
   750  2.5142e-01  4.8702e-03  2.6028e-02  2.5142e-01  +2.12187326e+03  +2.23530683e+03     38.47     29.823  0  0.000e+00  0.000e+00
   775  2.4047e-01  4.7692e-03  2.5017e-02  2.4047e-01  +2.11814471e+03  +2.22686964e+03     38.70     30.807  0  0.000e+00  0.000e+00
   800  2.4673e-01  4.7314e-03  2.4577e-02  2.4673e-01  +2.11476326e+03  +2.22135677e+03     38.73     31.801  0  0.000e+00  0.000e+00
   825  2.3638e-01  4.7332e-03  2.4938e-02  2.3638e-01  +2.11123682e+03  +2.21925733e+03     40.02     32.790  0  0.000e+00  0.000e+00
   850  2.3024e-01  4.7032e-03  2.3815e-02  2.3024e-01  +2.10815639e+03  +2.21104335e+03     41.40     33.780  0  0.000e+00  0.000e+00
   875  2.5127e-01  4.6821e-03  2.3890e-02  2.5127e-01  +2.10516425e+03  +2.20823733e+03     39.12     34.765  0  0.000e+00  0.000e+00
   900  2.5976e-01  4.6483e-03  2.3585e-02  2.5976e-01  +2.10210211e+03  +2.20367964e+03     39.11     35.753  0  0.000e+00  0.000e+00
   925  2.5915e-01  4.6119e-03  2.3587e-02  2.5915e-01  +2.09930149e+03  +2.20074993e+03     38.49     36.740  0  0.000e+00  0.000e+00
   950  2.4715e-01  4.6344e-03  2.2824e-02  2.4715e-01  +2.09662768e+03  +2.19459233e+03     39.94     37.723  0  0.000e+00  0.000e+00
   975  2.2328e-01  4.5986e-03  2.3562e-02  2.2328e-01  +2.09393350e+03  +2.19501199e+03     38.08     39.423  0  0.000e+00  0.000e+00
  1000  2.3223e-01  4.6222e-03  2.2609e-02  2.3223e-01  +2.09119898e+03  +2.18796836e+03     40.35     40.403  0  0.000e+00  0.000e+00
  1025  2.0060e-01  4.5595e-03  2.2703e-02  2.0060e-01  +2.08888622e+03  +2.18596016e+03     38.72     41.389  0  0.000e+00  0.000e+00
  1050  1.9974e-01  4.5482e-03  2.1963e-02  1.9974e-01  +2.08660677e+03  +2.18034420e+03     38.99     42.369  0  0.000e+00  0.000e+00
  1075  2.0960e-01  4.5370e-03  2.2419e-02  2.0960e-01  +2.08417981e+03  +2.17979550e+03     39.27     43.359  0  0.000e+00  0.000e+00
  1100  2.2401e-01  4.5032e-03  2.1697e-02  2.2401e-01  +2.08210241e+03  +2.17447722e+03     38.56     44.350  0  0.000e+00  0.000e+00
  1125  2.2913e-01  4.5136e-03  2.1942e-02  2.2913e-01  +2.07983287e+03  +2.17317595e+03     39.15     45.341  0  0.000e+00  0.000e+00
  1150  2.3620e-01  4.4833e-03  2.0771e-02  2.3620e-01  +2.07776268e+03  +2.16592860e+03     38.92     46.331  0  0.000e+00  0.000e+00
  1175  2.2492e-01  4.4911e-03  2.0482e-02  2.2492e-01  +2.07588554e+03  +2.16272273e+03     41.11     47.319  0  0.000e+00  0.000e+00
  1200  2.1840e-01  4.4977e-03  2.1336e-02  2.1840e-01  +2.07370828e+03  +2.16414942e+03     41.16     48.313  0  0.000e+00  0.000e+00
  1225  2.0723e-01  4.4869e-03  1.9723e-02  2.0723e-01  +2.07201613e+03  +2.15541277e+03     39.73     49.296  0  0.000e+00  0.000e+00
  1250  1.8774e-01  4.4659e-03  2.0257e-02  1.8774e-01  +2.07014257e+03  +2.15576659e+03     38.96     50.284  0  0.000e+00  0.000e+00
  1275  1.7317e-01  4.4473e-03  2.0078e-02  1.7317e-01  +2.06826586e+03  +2.15304267e+03     39.45     51.272  0  0.000e+00  0.000e+00
  1300  1.6223e-01  4.4410e-03  1.9260e-02  1.6223e-01  +2.06662021e+03  +2.14781122e+03     39.31     52.257  0  0.000e+00  0.000e+00
  1325  1.6293e-01  4.4253e-03  1.9921e-02  1.6293e-01  +2.06497964e+03  +2.14894406e+03     39.00     53.246  0  0.000e+00  0.000e+00
  1350  1.6875e-01  4.4557e-03  1.9107e-02  1.6875e-01  +2.06312768e+03  +2.14352394e+03     40.42     54.239  0  0.000e+00  0.000e+00
  1375  1.6532e-01  4.4476e-03  1.9366e-02  1.6532e-01  +2.06183756e+03  +2.14329390e+03     38.81     55.231  0  0.000e+00  0.000e+00
  1400  1.6008e-01  4.3844e-03  1.9592e-02  1.6008e-01  +2.06012282e+03  +2.14248143e+03     38.72     56.217  0  0.000e+00  0.000e+00
  1425  1.5935e-01  4.3404e-03  1.7848e-02  1.5935e-01  +2.05863308e+03  +2.13347088e+03     38.47     57.209  0  0.000e+00  0.000e+00
  1450  1.5134e-01  4.3365e-03  1.8420e-02  1.5134e-01  +2.05731158e+03  +2.13454545e+03     40.01     58.198  0  0.000e+00  0.000e+00
  1475  1.5613e-01  4.3234e-03  1.8268e-02  1.5613e-01  +2.05546525e+03  +2.13197776e+03     39.80     59.194  0  0.000e+00  0.000e+00
  1500  1.5796e-01  4.3053e-03  1.8113e-02  1.5796e-01  +2.05436085e+03  +2.13017370e+03     38.65     60.186  0  0.000e+00  0.000e+00
  1525  1.6600e-01  4.2872e-03  1.7788e-02  1.6600e-01  +2.05287855e+03  +2.12725386e+03     39.27     61.174  0  0.000e+00  0.000e+00
  1550  1.6686e-01  4.2892e-03  1.7646e-02  1.6686e-01  +2.05163636e+03  +2.12536232e+03     40.30     62.159  0  0.000e+00  0.000e+00
  1575  1.6923e-01  4.2820e-03  1.7099e-02  1.6923e-01  +2.05035655e+03  +2.12171155e+03     39.42     63.148  0  0.000e+00  0.000e+00
  1600  1.6470e-01  4.2564e-03  1.7482e-02  1.6470e-01  +2.04897768e+03  +2.12191023e+03     39.56     64.135  0  0.000e+00  0.000e+00
  1625  1.6419e-01  4.2921e-03  1.7494e-02  1.6419e-01  +2.04787415e+03  +2.12081999e+03     38.60     65.124  0  0.000e+00  0.000e+00
  1650  1.6088e-01  4.2828e-03  1.7471e-02  1.6088e-01  +2.04653502e+03  +2.11933540e+03     40.17     66.115  0  0.000e+00  0.000e+00
  1675  1.5009e-01  4.2829e-03  1.7415e-02  1.5009e-01  +2.04517961e+03  +2.11769404e+03     41.16     67.106  0  0.000e+00  0.000e+00
  1700  1.4575e-01  4.2528e-03  1.7650e-02  1.4575e-01  +2.04420316e+03  +2.11767724e+03     40.22     68.097  0  0.000e+00  0.000e+00
  1725  1.3895e-01  4.2654e-03  1.6074e-02  1.3895e-01  +2.04315115e+03  +2.10992492e+03     40.74     69.090  0  0.000e+00  0.000e+00
  1750  1.3050e-01  4.2734e-03  1.8329e-02  1.3050e-01  +2.04178384e+03  +2.11804645e+03     40.65     70.077  0  0.000e+00  0.000e+00
  1775  1.3781e-01  4.2743e-03  1.6063e-02  1.3781e-01  +2.04087674e+03  +2.10752898e+03     38.22     71.063  0  0.000e+00  0.000e+00
  1800  1.3664e-01  4.2889e-03  1.7411e-02  1.3664e-01  +2.03972710e+03  +2.11203212e+03     38.61     72.054  0  0.000e+00  0.000e+00
  1825  1.3607e-01  4.2993e-03  1.6480e-02  1.3607e-01  +2.03854592e+03  +2.10687848e+03     39.96     73.042  0  0.000e+00  0.000e+00
  1850  1.3339e-01  4.3016e-03  1.6724e-02  1.3339e-01  +2.03765096e+03  +2.10698199e+03     40.15     74.030  0  0.000e+00  0.000e+00
  1875  1.3845e-01  4.3204e-03  1.6202e-02  1.3845e-01  +2.03652697e+03  +2.10362031e+03     40.88     75.026  0  0.000e+00  0.000e+00
  1900  1.3133e-01  4.3199e-03  1.6488e-02  1.3133e-01  +2.03565500e+03  +2.10392492e+03     39.89     76.013  0  0.000e+00  0.000e+00
  1925  1.2989e-01  4.3288e-03  1.5373e-02  1.2989e-01  +2.03460689e+03  +2.09815499e+03     38.62     76.997  0  0.000e+00  0.000e+00
  1950  1.2467e-01  4.3527e-03  1.6088e-02  1.2467e-01  +2.03370422e+03  +2.10022502e+03     40.06     77.992  0  0.000e+00  0.000e+00
  1975  1.2257e-01  4.3351e-03  1.5557e-02  1.2257e-01  +2.03257716e+03  +2.09683490e+03     38.46     78.985  0  0.000e+00  0.000e+00
  2000  1.2986e-01  4.3614e-03  1.5338e-02  1.2986e-01  +2.03199459e+03  +2.09531296e+03     38.64     79.972  0  0.000e+00  0.000e+00
  2025  1.4217e-01  4.3628e-03  1.5609e-02  1.4217e-01  +2.03071744e+03  +2.09513206e+03     39.65     80.953  0  0.000e+00  0.000e+00
  2050  1.4021e-01  4.3440e-03  1.4786e-02  1.4021e-01  +2.03007701e+03  +2.09102468e+03     40.08     81.942  0  0.000e+00  0.000e+00
  2075  1.4496e-01  4.3056e-03  1.5629e-02  1.4496e-01  +2.02891744e+03  +2.09335828e+03     38.23     82.997  0  0.000e+00  0.000e+00
  2100  1.6464e-01  4.2944e-03  1.4281e-02  1.6464e-01  +2.02835774e+03  +2.08714563e+03     40.39     83.991  0  0.000e+00  0.000e+00
  2125  1.6669e-01  4.2961e-03  1.4294e-02  1.6669e-01  +2.02730548e+03  +2.08611880e+03     39.56     84.981  0  0.000e+00  0.000e+00
  2150  1.6548e-01  4.2852e-03  1.4126e-02  1.6548e-01  +2.02663862e+03  +2.08473089e+03     38.11     86.054  0  0.000e+00  0.000e+00
  2175  1.7065e-01  4.3246e-03  1.4881e-02  1.7065e-01  +2.02562709e+03  +2.08683755e+03     38.80     87.045  0  0.000e+00  0.000e+00
  2200  1.6875e-01  4.3049e-03  1.3784e-02  1.6875e-01  +2.02502261e+03  +2.08164106e+03     38.60     88.032  0  0.000e+00  0.000e+00
  2225  1.6824e-01  4.3076e-03  1.4649e-02  1.6824e-01  +2.02410769e+03  +2.08430752e+03     40.76     89.016  0  0.000e+00  0.000e+00
  2250  1.7315e-01  4.2892e-03  1.3710e-02  1.7315e-01  +2.02331130e+03  +2.07957537e+03     38.42     89.999  0  0.000e+00  0.000e+00
  2275  1.7477e-01  4.2931e-03  1.4043e-02  1.7477e-01  +2.02261268e+03  +2.08024321e+03     38.95     90.986  0  0.000e+00  0.000e+00
  2300  1.7230e-01  4.2685e-03  1.3739e-02  1.7230e-01  +2.02189394e+03  +2.07823905e+03     39.19     91.970  0  0.000e+00  0.000e+00
  2325  1.7003e-01  4.2969e-03  1.3498e-02  1.7003e-01  +2.02106387e+03  +2.07638581e+03     38.63     92.958  0  0.000e+00  0.000e+00
  2350  1.6819e-01  4.2797e-03  1.3964e-02  1.6819e-01  +2.02029018e+03  +2.07752776e+03     40.27     93.955  0  0.000e+00  0.000e+00
  2375  1.5959e-01  4.3171e-03  1.3827e-02  1.5959e-01  +2.01965025e+03  +2.07629837e+03     38.54     94.940  0  0.000e+00  0.000e+00
  2400  1.5329e-01  4.3210e-03  1.3373e-02  1.5329e-01  +2.01884600e+03  +2.07358714e+03     40.78     95.930  0  0.000e+00  0.000e+00
  2425  1.4936e-01  4.3528e-03  1.3713e-02  1.4936e-01  +2.01817919e+03  +2.07431296e+03     38.73     96.924  0  0.000e+00  0.000e+00
  2450  1.4547e-01  4.3747e-03  1.2948e-02  1.4547e-01  +2.01734967e+03  +2.07028952e+03     40.17     97.909  0  0.000e+00  0.000e+00
  2475  1.3856e-01  4.3838e-03  1.4313e-02  1.3856e-01  +2.01678207e+03  +2.07536871e+03     40.26     98.894  0  0.000e+00  0.000e+00
  2500  1.2907e-01  4.3613e-03  1.2457e-02  1.2907e-01  +2.01603585e+03  +2.06691015e+03     39.14     99.886  0  0.000e+00  0.000e+00
  2525  1.1875e-01  4.3991e-03  1.3765e-02  1.1875e-01  +2.01546732e+03  +2.07174126e+03     40.16    100.879  0  0.000e+00  0.000e+00
  2550  1.0708e-01  4.4065e-03  1.2965e-02  1.0708e-01  +2.01471422e+03  +2.06765600e+03     39.07    101.870  0  0.000e+00  0.000e+00
  2575  9.8975e-02  4.4144e-03  1.3806e-02  9.8975e-02  +2.01410083e+03  +2.07050603e+03     40.08    102.865  0  0.000e+00  0.000e+00
  2600  9.9349e-02  4.3931e-03  1.2315e-02  9.9349e-02  +2.01354111e+03  +2.06376581e+03     39.68    103.856  0  0.000e+00  0.000e+00
  2625  1.0280e-01  4.4008e-03  1.3509e-02  1.0280e-01  +2.01286796e+03  +2.06801032e+03     38.78    104.846  0  0.000e+00  0.000e+00
  2650  9.5149e-02  4.3985e-03  1.2483e-02  9.5149e-02  +2.01210109e+03  +2.06298347e+03     39.53    105.829  0  0.000e+00  0.000e+00
  2675  9.5780e-02  4.4177e-03  1.3313e-02  9.5780e-02  +2.01159057e+03  +2.06588699e+03     39.84    106.822  0  0.000e+00  0.000e+00
  2700  9.9321e-02  4.4042e-03  1.2231e-02  9.9321e-02  +2.01109775e+03  +2.06091312e+03     40.38    107.810  0  0.000e+00  0.000e+00
  2725  9.9602e-02  4.4164e-03  1.3261e-02  9.9602e-02  +2.01041620e+03  +2.06446746e+03     38.89    108.793  0  0.000e+00  0.000e+00
  2750  1.1064e-01  4.4721e-03  1.1928e-02  1.1064e-01  +2.00975421e+03  +2.05829012e+03     40.23    109.778  0  0.000e+00  0.000e+00
  2775  1.2710e-01  4.4617e-03  1.2705e-02  1.2710e-01  +2.00923706e+03  +2.06096040e+03     39.33    110.766  0  0.000e+00  0.000e+00
  2800  1.3131e-01  4.4807e-03  1.2240e-02  1.3131e-01  +2.00858997e+03  +2.05838154e+03     38.77    111.754  0  0.000e+00  0.000e+00
  2825  1.3040e-01  4.5231e-03  1.2091e-02  1.3040e-01  +2.00812303e+03  +2.05728818e+03     39.23    112.743  0  0.000e+00  0.000e+00
  2850  1.4299e-01  4.5241e-03  1.1991e-02  1.4299e-01  +2.00740330e+03  +2.05613975e+03     40.16    113.728  0  0.000e+00  0.000e+00
  2875  1.4432e-01  4.5144e-03  1.3315e-02  1.4432e-01  +2.00701737e+03  +2.06120077e+03     38.09    114.709  0  0.000e+00  0.000e+00
  2900  1.5006e-01  4.5263e-03  1.1328e-02  1.5006e-01  +2.00625086e+03  +2.05223513e+03     38.51    115.700  0  0.000e+00  0.000e+00
  2925  1.4342e-01  4.5288e-03  1.2236e-02  1.4342e-01  +2.00587267e+03  +2.05558237e+03     39.13    116.689  0  0.000e+00  0.000e+00
  2950  1.5691e-01  4.5071e-03  1.1372e-02  1.5691e-01  +2.00531852e+03  +2.05146480e+03     39.52    117.684  0  0.000e+00  0.000e+00
  2975  1.5020e-01  4.5048e-03  1.2312e-02  1.5020e-01  +2.00479597e+03  +2.05478836e+03     38.84    118.677  0  0.000e+00  0.000e+00
  3000  1.5056e-01  4.4783e-03  1.0517e-02  1.5056e-01  +2.00422692e+03  +2.04684226e+03     39.08    119.668  0  0.000e+00  0.000e+00
  3025  1.4806e-01  4.4887e-03  1.0351e-02  1.4806e-01  +2.00371145e+03  +2.04563514e+03     38.76    120.657  0  0.000e+00  0.000e+00
  3050  1.5172e-01  4.4755e-03  1.0106e-02  1.5172e-01  +2.00305615e+03  +2.04396350e+03     41.43    121.647  0  0.000e+00  0.000e+00
  3075  1.5740e-01  4.4966e-03  1.0833e-02  1.5740e-01  +2.00261078e+03  +2.04648580e+03     39.98    122.637  0  0.000e+00  0.000e+00
  3100  1.5168e-01  4.4941e-03  1.0780e-02  1.5168e-01  +2.00209542e+03  +2.04574160e+03     39.52    123.622  0  0.000e+00  0.000e+00
  3125  1.4871e-01  4.5232e-03  1.1553e-02  1.4871e-01  +2.00169623e+03  +2.04850102e+03     39.06    124.611  0  0.000e+00  0.000e+00
  3150  1.4794e-01  4.5491e-03  1.0996e-02  1.4794e-01  +2.00109092e+03  +2.04559841e+03     39.86    125.593  0  0.000e+00  0.000e+00
  3175  1.4745e-01  4.5623e-03  1.2484e-02  1.4745e-01  +2.00067887e+03  +2.05127588e+03     38.54    126.578  0  0.000e+00  0.000e+00
  3200  1.5114e-01  4.5924e-03  1.0256e-02  1.5114e-01  +2.00027435e+03  +2.04174141e+03     39.34    127.566  0  0.000e+00  0.000e+00
  3225  1.3397e-01  4.6105e-03  1.1945e-02  1.3397e-01  +1.99967139e+03  +2.04803381e+03     40.63    128.558  0  0.000e+00  0.000e+00
  3250  1.3363e-01  4.6094e-03  1.0481e-02  1.3363e-01  +1.99940480e+03  +2.04177253e+03     39.96    129.542  0  0.000e+00  0.000e+00
  3275  1.3360e-01  4.6420e-03  1.1326e-02  1.3360e-01  +1.99878027e+03  +2.04458493e+03     39.89    130.531  0  0.000e+00  0.000e+00
  3300  1.2643e-01  4.6312e-03  1.0767e-02  1.2643e-01  +1.99843776e+03  +2.04195231e+03     38.71    131.521  0  0.000e+00  0.000e+00
  3325  1.1521e-01  4.6829e-03  1.0630e-02  1.1521e-01  +1.99786600e+03  +2.04080904e+03     39.21    132.602  0  0.000e+00  0.000e+00
  3350  1.1210e-01  4.6663e-03  1.0525e-02  1.1210e-01  +1.99745184e+03  +2.03995739e+03     38.57    133.590  0  0.000e+00  0.000e+00
  3375  9.7149e-02  4.6994e-03  1.1140e-02  9.7149e-02  +1.99716899e+03  +2.04217743e+03     39.31    134.579  0  0.000e+00  0.000e+00
  3400  8.0479e-02  4.6575e-03  9.2312e-03  8.0479e-02  +1.99658639e+03  +2.03380089e+03     38.38    135.569  0  0.000e+00  0.000e+00
  3425  7.4306e-02  4.6604e-03  1.1243e-02  7.4306e-02  +1.99603738e+03  +2.04144343e+03     38.85    136.557  0  0.000e+00  0.000e+00
  3450  6.0298e-02  4.6839e-03  9.2083e-03  6.0298e-02  +1.99573720e+03  +2.03284282e+03     39.18    137.540  0  0.000e+00  0.000e+00
  3475  7.5514e-02  4.6699e-03  1.0845e-02  7.5514e-02  +1.99516293e+03  +2.03892426e+03     38.80    138.525  0  0.000e+00  0.000e+00
  3500  7.3731e-02  4.7092e-03  9.5158e-03  7.3731e-02  +1.99494622e+03  +2.03328745e+03     38.76    139.521  0  0.000e+00  0.000e+00
  3525  7.4497e-02  4.7221e-03  9.3503e-03  7.4497e-02  +1.99419134e+03  +2.03184547e+03     38.38    140.508  0  0.000e+00  0.000e+00
  3550  8.3694e-02  4.7250e-03  9.3754e-03  8.3694e-02  +1.99412261e+03  +2.03187737e+03     40.99    141.499  0  0.000e+00  0.000e+00
  3575  8.1168e-02  4.7521e-03  9.6098e-03  8.1168e-02  +1.99333903e+03  +2.03203149e+03     39.49    142.487  0  0.000e+00  0.000e+00
  3600  8.5686e-02  4.7758e-03  1.0757e-02  8.5686e-02  +1.99323648e+03  +2.03659439e+03     40.46    143.477  0  0.000e+00  0.000e+00
  3625  7.7979e-02  4.7847e-03  9.0428e-03  7.7979e-02  +1.99269952e+03  +2.02907688e+03     40.95    144.460  0  0.000e+00  0.000e+00
  3650  7.2626e-02  4.8027e-03  1.0428e-02  7.2626e-02  +1.99236184e+03  +2.03436292e+03     39.62    145.453  0  0.000e+00  0.000e+00
  3675  7.1420e-02  4.8605e-03  8.9667e-03  7.1420e-02  +1.99201724e+03  +2.02807334e+03     40.02    146.439  0  0.000e+00  0.000e+00
  3700  6.7695e-02  4.8558e-03  1.0256e-02  6.7695e-02  +1.99152959e+03  +2.03281215e+03     40.70    147.425  0  0.000e+00  0.000e+00
  3725  7.3431e-02  4.8708e-03  9.0463e-03  7.3431e-02  +1.99116998e+03  +2.02753342e+03     39.33    148.409  0  0.000e+00  0.000e+00
  3750  7.0399e-02  4.8969e-03  9.3518e-03  7.0399e-02  +1.99065485e+03  +2.02824815e+03     38.50    149.402  0  0.000e+00  0.000e+00
  3775  8.0048e-02  4.8616e-03  9.5676e-03  8.0048e-02  +1.99050291e+03  +2.02896931e+03     40.55    150.384  0  0.000e+00  0.000e+00
  3800  7.2030e-02  4.8749e-03  9.7133e-03  7.2030e-02  +1.98989933e+03  +2.02894523e+03     38.04    152.022  0  0.000e+00  0.000e+00
  3825  8.1238e-02  4.8679e-03  1.0202e-02  8.1238e-02  +1.98978796e+03  +2.03081644e+03     38.53    153.004  0  0.000e+00  0.000e+00
  3850  7.3956e-02  4.8691e-03  7.9486e-03  7.3956e-02  +1.98919958e+03  +2.02108362e+03     38.43    153.992  0  0.000e+00  0.000e+00
  3875  9.0953e-02  4.8688e-03  9.8628e-03  9.0953e-02  +1.98904631e+03  +2.02868229e+03     38.23    154.982  0  0.000e+00  0.000e+00
  3900  8.2109e-02  4.8499e-03  7.6423e-03  8.2109e-02  +1.98856497e+03  +2.01920119e+03     38.70    155.960  0  0.000e+00  0.000e+00
  3925  7.4112e-02  4.8365e-03  9.6229e-03  7.4112e-02  +1.98808530e+03  +2.02672901e+03     38.43    156.946  0  0.000e+00  0.000e+00
  3950  7.2191e-02  4.8343e-03  8.7978e-03  7.2191e-02  +1.98795403e+03  +2.02325254e+03     38.91    157.937  0  0.000e+00  0.000e+00
  3975  7.0429e-02  4.8174e-03  8.3128e-03  7.0429e-02  +1.98738602e+03  +2.02071293e+03     40.17    158.922  0  0.000e+00  0.000e+00
  4000  6.5825e-02  4.8266e-03  8.9059e-03  6.5825e-02  +1.98726153e+03  +2.02298525e+03     38.41    159.908  0  0.000e+00  0.000e+00
  4025  6.3655e-02  4.7846e-03  7.1209e-03  6.3655e-02  +1.98682393e+03  +2.01532983e+03     39.78    160.902  0  0.000e+00  0.000e+00
  4050  5.4855e-02  4.8009e-03  9.0965e-03  5.4855e-02  +1.98644347e+03  +2.02292383e+03     38.59    161.890  0  0.000e+00  0.000e+00
  4075  6.2547e-02  4.7999e-03  8.1702e-03  6.2547e-02  +1.98616492e+03  +2.01889505e+03     38.62    162.881  0  0.000e+00  0.000e+00
  4100  6.7159e-02  4.7739e-03  8.3259e-03  6.7159e-02  +1.98596940e+03  +2.01932552e+03     39.92    163.861  0  0.000e+00  0.000e+00
  4125  6.8147e-02  4.7847e-03  7.6657e-03  6.8147e-02  +1.98546616e+03  +2.01614901e+03     38.73    164.851  0  0.000e+00  0.000e+00
  4150  7.4103e-02  4.7668e-03  8.9174e-03  7.4103e-02  +1.98526930e+03  +2.02100357e+03     38.25    165.838  0  0.000e+00  0.000e+00
  4175  8.3903e-02  4.7524e-03  7.1690e-03  8.3903e-02  +1.98494653e+03  +2.01361933e+03     39.98    166.822  0  0.000e+00  0.000e+00
  4200  6.8477e-02  4.7654e-03  8.1516e-03  6.8477e-02  +1.98450553e+03  +2.01713333e+03     41.41    167.806  0  0.000e+00  0.000e+00
  4225  7.1420e-02  4.7586e-03  8.3437e-03  7.1420e-02  +1.98420281e+03  +2.01760096e+03     41.06    168.789  0  0.000e+00  0.000e+00
  4250  8.0885e-02  4.7294e-03  8.5600e-03  8.0885e-02  +1.98403426e+03  +2.01830276e+03     39.97    169.779  0  0.000e+00  0.000e+00
  4275  6.6825e-02  4.7212e-03  6.6427e-03  6.6825e-02  +1.98378800e+03  +2.01032631e+03     39.91    170.768  0  0.000e+00  0.000e+00
  4300  6.4284e-02  4.7007e-03  7.7481e-03  6.4284e-02  +1.98327448e+03  +2.01425545e+03     38.75    171.755  0  0.000e+00  0.000e+00
  4325  6.6797e-02  4.7272e-03  7.3473e-03  6.6797e-02  +1.98310310e+03  +2.01246704e+03     39.31    172.743  0  0.000e+00  0.000e+00
  4350  5.9142e-02  4.7266e-03  6.4099e-03  5.9142e-02  +1.98266728e+03  +2.00825526e+03     40.46    173.730  0  0.000e+00  0.000e+00
  4375  6.3676e-02  4.7063e-03  6.8013e-03  6.3676e-02  +1.98248130e+03  +2.00963956e+03     38.57    174.716  0  0.000e+00  0.000e+00
  4400  8.0037e-02  4.6928e-03  6.5436e-03  8.0037e-02  +1.98201612e+03  +2.00813268e+03     38.72    175.704  0  0.000e+00  0.000e+00
  4425  7.6379e-02  4.6903e-03  6.7231e-03  7.6379e-02  +1.98181484e+03  +2.00864967e+03     40.62    176.691  0  0.000e+00  0.000e+00
  4450  8.2494e-02  4.6789e-03  6.6926e-03  8.2494e-02  +1.98142416e+03  +2.00813147e+03     39.08    177.674  0  0.000e+00  0.000e+00
  4475  9.1399e-02  4.6818e-03  7.3224e-03  9.1399e-02  +1.98123221e+03  +2.01046855e+03     38.20    178.661  0  0.000e+00  0.000e+00
  4500  9.5759e-02  4.6779e-03  6.8370e-03  9.5759e-02  +1.98093087e+03  +2.00821144e+03     38.77    179.653  0  0.000e+00  0.000e+00
  4525  1.0587e-01  4.6795e-03  7.7397e-03  1.0587e-01  +1.98065306e+03  +2.01155951e+03     38.63    180.646  0  0.000e+00  0.000e+00
  4550  1.0878e-01  4.7119e-03  5.5190e-03  1.0878e-01  +1.98041920e+03  +2.00240575e+03     39.28    181.634  0  0.000e+00  0.000e+00
  4575  1.1905e-01  4.6810e-03  7.3935e-03  1.1905e-01  +1.97980742e+03  +2.00930837e+03     39.49    182.624  0  0.000e+00  0.000e+00
  4600  1.2154e-01  4.6784e-03  7.7947e-03  1.2154e-01  +1.97984910e+03  +2.01096389e+03     40.11    183.620  0  0.000e+00  0.000e+00
  4625  1.2597e-01  4.6834e-03  6.6957e-03  1.2597e-01  +1.97956260e+03  +2.00625709e+03     40.60    184.606  0  0.000e+00  0.000e+00
  4650  1.3081e-01  4.6896e-03  6.6409e-03  1.3081e-01  +1.97923625e+03  +2.00570667e+03     40.55    185.593  0  0.000e+00  0.000e+00
  4675  1.2477e-01  4.6875e-03  6.3927e-03  1.2477e-01  +1.97900193e+03  +2.00447334e+03     38.15    186.578  0  0.000e+00  0.000e+00
  4700  1.2067e-01  4.7021e-03  6.7811e-03  1.2067e-01  +1.97859441e+03  +2.00561862e+03     38.63    187.569  0  0.000e+00  0.000e+00
  4725  1.3161e-01  4.7141e-03  6.2877e-03  1.3161e-01  +1.97850936e+03  +2.00355365e+03     39.12    188.563  0  0.000e+00  0.000e+00
  4750  1.3461e-01  4.7502e-03  6.5066e-03  1.3461e-01  +1.97808858e+03  +2.00400512e+03     38.83    189.552  0  0.000e+00  0.000e+00
  4775  1.3436e-01  4.7438e-03  6.7504e-03  1.3436e-01  +1.97797393e+03  +2.00486642e+03     40.42    190.535  0  0.000e+00  0.000e+00
  4800  1.2696e-01  4.7491e-03  5.4762e-03  1.2696e-01  +1.97765936e+03  +1.99944411e+03     38.82    191.520  0  0.000e+00  0.000e+00
  4825  1.3114e-01  4.7424e-03  6.8512e-03  1.3114e-01  +1.97729926e+03  +2.00458675e+03     38.87    192.496  0  0.000e+00  0.000e+00
  4850  1.4110e-01  4.7493e-03  6.2445e-03  1.4110e-01  +1.97724615e+03  +2.00210152e+03     38.57    193.486  0  0.000e+00  0.000e+00
  4875  1.3551e-01  4.7556e-03  7.3716e-03  1.3551e-01  +1.97688087e+03  +2.00625031e+03     38.51    194.582  0  0.000e+00  0.000e+00
  4900  1.3621e-01  4.7712e-03  7.0448e-03  1.3621e-01  +1.97663776e+03  +2.00469239e+03     38.38    195.575  0  0.000e+00  0.000e+00
  4925  1.3441e-01  4.7834e-03  6.4844e-03  1.3441e-01  +1.97634129e+03  +2.00214582e+03     38.26    196.564  0  0.000e+00  0.000e+00
  4950  1.2769e-01  4.7543e-03  6.6483e-03  1.2769e-01  +1.97616309e+03  +2.00262199e+03     38.28    197.552  0  0.000e+00  0.000e+00
  4975  1.3012e-01  4.7777e-03  5.8322e-03  1.3012e-01  +1.97595543e+03  +1.99914500e+03     38.72    198.533  0  0.000e+00  0.000e+00
  5000  1.3189e-01  4.7646e-03  5.7368e-03  1.3189e-01  +1.97564844e+03  +1.99845284e+03     38.26    199.520  0  0.000e+00  0.000e+00
  5025  1.4063e-01  4.7696e-03  5.7815e-03  1.4063e-01  +1.97534931e+03  +1.99832876e+03     38.73    200.499  0  0.000e+00  0.000e+00
  5050  1.3628e-01  4.7339e-03  6.3634e-03  1.3628e-01  +1.97517374e+03  +2.00047857e+03     38.29    201.546  0  0.000e+00  0.000e+00
  5075  1.4017e-01  4.7577e-03  5.4155e-03  1.4017e-01  +1.97489758e+03  +1.99640973e+03     39.78    202.535  0  0.000e+00  0.000e+00
  5100  1.3515e-01  4.7653e-03  6.1875e-03  1.3515e-01  +1.97460587e+03  +1.99919994e+03     38.23    203.516  0  0.000e+00  0.000e+00
  5125  1.4070e-01  4.7571e-03  5.1637e-03  1.4070e-01  +1.97455530e+03  +1.99505824e+03     40.61    204.501  0  0.000e+00  0.000e+00
  5150  1.3558e-01  4.7643e-03  6.1656e-03  1.3558e-01  +1.97409852e+03  +1.99859877e+03     40.91    205.494  0  0.000e+00  0.000e+00
  5175  1.3774e-01  4.7595e-03  5.1134e-03  1.3774e-01  +1.97402849e+03  +1.99432552e+03     39.54    206.488  0  0.000e+00  0.000e+00
  5200  1.3391e-01  4.7873e-03  5.1299e-03  1.3391e-01  +1.97359485e+03  +1.99395322e+03     38.54    207.476  0  0.000e+00  0.000e+00
  5225  1.4249e-01  4.7927e-03  6.1311e-03  1.4249e-01  +1.97346989e+03  +1.99782446e+03     40.19    208.465  0  0.000e+00  0.000e+00
  5250  1.3097e-01  4.8004e-03  5.2932e-03  1.3097e-01  +1.97324235e+03  +1.99424827e+03     40.05    209.450  0  0.000e+00  0.000e+00
  5275  1.3881e-01  4.8105e-03  6.8576e-03  1.3881e-01  +1.97295438e+03  +2.00020751e+03     40.23    210.443  0  0.000e+00  0.000e+00
  5300  1.3544e-01  4.8178e-03  5.8823e-03  1.3544e-01  +1.97282586e+03  +1.99617876e+03     39.22    211.433  0  0.000e+00  0.000e+00
  5325  1.3472e-01  4.8410e-03  5.0111e-03  1.3472e-01  +1.97244629e+03  +1.99231930e+03     38.75    212.421  0  0.000e+00  0.000e+00
  5350  1.3488e-01  4.8398e-03  6.8205e-03  1.3488e-01  +1.97221709e+03  +1.99931189e+03     39.90    213.400  0  0.000e+00  0.000e+00
  5375  1.4183e-01  4.8267e-03  5.2450e-03  1.4183e-01  +1.97208458e+03  +1.99288599e+03     38.58    214.406  0  0.000e+00  0.000e+00
  5400  1.4097e-01  4.8733e-03  5.8113e-03  1.4097e-01  +1.97182283e+03  +1.99488038e+03     39.86    215.394  0  0.000e+00  0.000e+00
  5425  1.2568e-01  4.8858e-03  6.8417e-03  1.2568e-01  +1.97153478e+03  +1.99870466e+03     40.23    216.380  0  0.000e+00  0.000e+00
  5450  1.3458e-01  4.9132e-03  5.3374e-03  1.3458e-01  +1.97140136e+03  +1.99256402e+03     40.27    217.369  0  0.000e+00  0.000e+00
  5475  1.3303e-01  4.9395e-03  5.6928e-03  1.3303e-01  +1.97101181e+03  +1.99358738e+03     38.84    218.360  0  0.000e+00  0.000e+00
  5500  1.3193e-01  4.9592e-03  5.8940e-03  1.3193e-01  +1.97091777e+03  +1.99429461e+03     40.31    219.347  0  0.000e+00  0.000e+00
  5525  1.4012e-01  4.9760e-03  4.9539e-03  1.4012e-01  +1.97076371e+03  +1.99039187e+03     40.17    220.343  0  0.000e+00  0.000e+00
  5550  1.3162e-01  4.9489e-03  5.7099e-03  1.3162e-01  +1.97049260e+03  +1.99313000e+03     40.84    221.337  0  0.000e+00  0.000e+00
  5575  1.3659e-01  4.9745e-03  5.6586e-03  1.3659e-01  +1.97023829e+03  +1.99266837e+03     38.56    222.323  0  0.000e+00  0.000e+00
  5600  1.4023e-01  4.9691e-03  5.2909e-03  1.4023e-01  +1.97012784e+03  +1.99109141e+03     39.81    223.304  0  0.000e+00  0.000e+00
  5625  1.3573e-01  4.9628e-03  5.7061e-03  1.3573e-01  +1.96983265e+03  +1.99244760e+03     39.33    224.289  0  0.000e+00  0.000e+00
  5650  1.4059e-01  4.9438e-03  4.6060e-03  1.4059e-01  +1.96980371e+03  +1.98803808e+03     39.06    225.277  0  0.000e+00  0.000e+00
  5675  1.3821e-01  4.9707e-03  5.4055e-03  1.3821e-01  +1.96942790e+03  +1.99084069e+03     39.87    226.257  0  0.000e+00  0.000e+00
  5700  1.3604e-01  4.9025e-03  4.5565e-03  1.3604e-01  +1.96940130e+03  +1.98743521e+03     40.00    227.252  0  0.000e+00  0.000e+00
  5725  1.3212e-01  4.9580e-03  4.2788e-03  1.3212e-01  +1.96892313e+03  +1.98584902e+03     38.90    228.245  0  0.000e+00  0.000e+00
  5750  1.3253e-01  4.9448e-03  5.1942e-03  1.3253e-01  +1.96894977e+03  +1.98951620e+03     39.87    229.229  0  0.000e+00  0.000e+00
  5775  1.3969e-01  4.9412e-03  3.5942e-03  1.3969e-01  +1.96867763e+03  +1.98288390e+03     39.37    230.221  0  0.000e+00  0.000e+00
  5800  1.3487e-01  4.9284e-03  4.1330e-03  1.3487e-01  +1.96840313e+03  +1.98474576e+03     39.15    231.215  0  0.000e+00  0.000e+00
  5825  1.3961e-01  4.9416e-03  3.4257e-03  1.3961e-01  +1.96827127e+03  +1.98180664e+03     39.73    232.206  0  0.000e+00  0.000e+00
  5850  1.3433e-01  4.9286e-03  3.9497e-03  1.3433e-01  +1.96794266e+03  +1.98355388e+03     40.77    233.194  0  0.000e+00  0.000e+00
  5875  1.3101e-01  4.9542e-03  4.0878e-03  1.3101e-01  +1.96785357e+03  +1.98401208e+03     39.79    234.180  0  0.000e+00  0.000e+00
  5900  1.3996e-01  4.9088e-03  3.0757e-03  1.3996e-01  +1.96761980e+03  +1.97976403e+03     40.67    235.166  0  0.000e+00  0.000e+00
  5925  1.3254e-01  4.9190e-03  5.0837e-03  1.3254e-01  +1.96743939e+03  +1.98755046e+03     39.40    236.153  0  0.000e+00  0.000e+00
  5950  1.2365e-01  4.9157e-03  2.2404e-03  1.2365e-01  +1.96725920e+03  +1.97609602e+03     40.87    237.141  0  0.000e+00  0.000e+00
  5975  1.3819e-01  4.9052e-03  1.8492e-03  1.3819e-01  +1.96690001e+03  +1.97418981e+03     40.33    238.130  0  0.000e+00  0.000e+00
  6000  1.2992e-01  4.9126e-03  4.1552e-03  1.2992e-01  +1.96666612e+03  +1.98308226e+03     39.90    239.123  0  0.000e+00  0.000e+00
  6025  1.3235e-01  4.9265e-03  3.2146e-03  1.3235e-01  +1.96668013e+03  +1.97936825e+03     38.17    240.109  0  0.000e+00  0.000e+00
  6050  1.2500e-01  4.9638e-03  4.3594e-03  1.2500e-01  +1.96634178e+03  +1.98356533e+03     38.56    241.098  0  0.000e+00  0.000e+00
  6075  1.2450e-01  4.9682e-03  3.8568e-03  1.2450e-01  +1.96627698e+03  +1.98150654e+03     39.79    242.089  0  0.000e+00  0.000e+00
  6100  1.2347e-01  4.9638e-03  3.0720e-03  1.2347e-01  +1.96595958e+03  +1.97807877e+03     39.73    243.074  0  0.000e+00  0.000e+00
  6125  1.3657e-01  4.9649e-03  4.1106e-03  1.3657e-01  +1.96586324e+03  +1.98209583e+03     38.98    244.060  0  0.000e+00  0.000e+00
  6150  1.2994e-01  4.9819e-03  2.4892e-03  1.2994e-01  +1.96571006e+03  +1.97552305e+03     38.37    245.048  0  0.000e+00  0.000e+00
  6175  1.3783e-01  4.9752e-03  3.5721e-03  1.3783e-01  +1.96539594e+03  +1.97949103e+03     40.00    246.040  0  0.000e+00  0.000e+00
  6200  1.3383e-01  4.9846e-03  3.6974e-03  1.3383e-01  +1.96539427e+03  +1.97998571e+03     39.72    247.027  0  0.000e+00  0.000e+00
  6225  1.2999e-01  4.9935e-03  3.9523e-03  1.2999e-01  +1.96503627e+03  +1.98063469e+03     39.03    248.001  0  0.000e+00  0.000e+00
  6250  1.3061e-01  5.0050e-03  3.1804e-03  1.3061e-01  +1.96504903e+03  +1.97759140e+03     38.85    249.067  0  0.000e+00  0.000e+00
  6275  1.3610e-01  5.0397e-03  3.0208e-03  1.3610e-01  +1.96472655e+03  +1.97663575e+03     38.33    250.069  0  0.000e+00  0.000e+00
  6300  1.3695e-01  5.0079e-03  4.0776e-03  1.3695e-01  +1.96457683e+03  +1.98066790e+03     40.61    251.052  0  0.000e+00  0.000e+00
  6325  1.2972e-01  5.0049e-03  2.9302e-03  1.2972e-01  +1.96447999e+03  +1.97602925e+03     38.67    252.040  0  0.000e+00  0.000e+00
  6350  1.2316e-01  4.9551e-03  4.0839e-03  1.2316e-01  +1.96416980e+03  +1.98028282e+03     38.60    253.023  0  0.000e+00  0.000e+00
  6375  1.2985e-01  4.9432e-03  4.3568e-03  1.2985e-01  +1.96412158e+03  +1.98131531e+03     39.84    254.007  0  0.000e+00  0.000e+00
  6400  1.2821e-01  4.9165e-03  2.7114e-03  1.2821e-01  +1.96386984e+03  +1.97455134e+03     38.02    254.995  0  0.000e+00  0.000e+00
  6425  1.3915e-01  4.8984e-03  4.1881e-03  1.3915e-01  +1.96367273e+03  +1.98019410e+03     39.68    255.975  0  0.000e+00  0.000e+00
  6450  1.2867e-01  4.8590e-03  2.3644e-03  1.2867e-01  +1.96368573e+03  +1.97299616e+03     38.64    256.960  0  0.000e+00  0.000e+00
  6475  1.3753e-01  4.8407e-03  2.7372e-03  1.3753e-01  +1.96330053e+03  +1.97408079e+03     38.27    257.949  0  0.000e+00  0.000e+00
  6500  1.3174e-01  4.8423e-03  3.8575e-03  1.3174e-01  +1.96325691e+03  +1.97846582e+03     39.25    258.939  0  0.000e+00  0.000e+00
  6525  1.2616e-01  4.8249e-03  1.8316e-03  1.2616e-01  +1.96298130e+03  +1.97018694e+03     40.72    259.928  0  0.000e+00  0.000e+00
  6550  1.2755e-01  4.8538e-03  2.5278e-03  1.2755e-01  +1.96275607e+03  +1.97270683e+03     38.78    260.911  0  0.000e+00  0.000e+00
  6575  1.3204e-01  4.8306e-03  2.9228e-03  1.3204e-01  +1.96275084e+03  +1.97426069e+03     38.85    261.898  0  0.000e+00  0.000e+00
  6600  1.3308e-01  4.8369e-03  7.6071e-04  1.3308e-01  +1.96256981e+03  +1.96555875e+03     39.65    262.891  0  0.000e+00  0.000e+00
  6625  1.2483e-01  4.8611e-03  2.4658e-03  1.2483e-01  +1.96221446e+03  +1.97191761e+03     40.22    263.879  0  0.000e+00  0.000e+00
  6650  1.2101e-01  4.8399e-03  1.6362e-03  1.2101e-01  +1.96231714e+03  +1.96875073e+03     39.34    264.872  0  0.000e+00  0.000e+00
  6675  1.2195e-01  4.8662e-03  2.7899e-03  1.2195e-01  +1.96177425e+03  +1.97275380e+03     39.01    265.865  0  0.000e+00  0.000e+00
  6700  1.3011e-01  4.8387e-03  3.5469e-03  1.3011e-01  +1.96197407e+03  +1.97594493e+03     41.66    266.859  0  0.000e+00  0.000e+00
  6725  1.3130e-01  4.8510e-03  2.5541e-03  1.3130e-01  +1.96160626e+03  +1.97165459e+03     43.69    268.522  0  0.000e+00  0.000e+00
  6750  1.2707e-01  4.8357e-03  4.1727e-03  1.2707e-01  +1.96155895e+03  +1.97800167e+03     40.74    269.505  0  0.000e+00  0.000e+00
  6775  1.3167e-01  4.8571e-03  3.1656e-03  1.3167e-01  +1.96146596e+03  +1.97392693e+03     40.13    270.490  0  0.000e+00  0.000e+00
  6800  1.3351e-01  4.8429e-03  1.8463e-03  1.3351e-01  +1.96125762e+03  +1.96851484e+03     39.98    271.467  0  0.000e+00  0.000e+00
  6825  1.3285e-01  4.8289e-03  3.0763e-03  1.3285e-01  +1.96108570e+03  +1.97319168e+03     38.91    272.447  0  0.000e+00  0.000e+00
  6850  1.1925e-01  4.8547e-03  2.0956e-03  1.1925e-01  +1.96104472e+03  +1.96928339e+03     38.21    273.435  0  0.000e+00  0.000e+00
  6875  1.2190e-01  4.8296e-03  2.5684e-03  1.2190e-01  +1.96065621e+03  +1.97075627e+03     38.61    274.427  0  0.000e+00  0.000e+00
  6900  1.2409e-01  4.8478e-03  9.4002e-04  1.2409e-01  +1.96068848e+03  +1.96437907e+03     40.69    275.415  0  0.000e+00  0.000e+00
  6925  1.3208e-01  4.8341e-03  1.7836e-03  1.3208e-01  +1.96040294e+03  +1.96741049e+03     38.09    276.395  0  0.000e+00  0.000e+00
  6950  1.1781e-01  4.8414e-03  2.1068e-03  1.1781e-01  +1.96028081e+03  +1.96856006e+03     38.27    277.387  0  0.000e+00  0.000e+00
  6975  1.3265e-01  4.8175e-03  1.5174e-03  1.3265e-01  +1.96004734e+03  +1.96600636e+03     39.34    278.373  0  0.000e+00  0.000e+00
  7000  1.2810e-01  4.8122e-03  2.9041e-03  1.2810e-01  +1.95994465e+03  +1.97136443e+03     40.98    279.362  0  0.000e+00  0.000e+00
  7025  1.2348e-01  4.8127e-03  2.9704e-03  1.2348e-01  +1.95983371e+03  +1.97151447e+03     39.56    280.347  0  0.000e+00  0.000e+00
  7050  1.1903e-01  4.8058e-03  1.7010e-03  1.1903e-01  +1.95965975e+03  +1.96633952e+03     39.25    281.336  0  0.000e+00  0.000e+00
  7075  1.2501e-01  4.7911e-03  2.9326e-03  1.2501e-01  +1.95945996e+03  +1.97098937e+03     40.80    282.323  0  0.000e+00  0.000e+00
  7100  1.1749e-01  4.8308e-03  1.8605e-03  1.1749e-01  +1.95949375e+03  +1.96680045e+03     40.29    283.307  0  0.000e+00  0.000e+00
  7125  1.1540e-01  4.8216e-03  2.3638e-03  1.1540e-01  +1.95908925e+03  +1.96837535e+03     39.98    284.291  0  0.000e+00  0.000e+00
  7150  1.2311e-01  4.8076e-03  2.5531e-03  1.2311e-01  +1.95916846e+03  +1.96920037e+03     40.62    285.274  0  0.000e+00  0.000e+00
  7175  1.1972e-01  4.7874e-03  2.9205e-03  1.1972e-01  +1.95880335e+03  +1.97028129e+03     39.08    286.257  0  0.000e+00  0.000e+00
  7200  1.2026e-01  4.8016e-03  2.8161e-03  1.2026e-01  +1.95890100e+03  +1.96996789e+03     39.04    287.245  0  0.000e+00  0.000e+00
  7225  1.1687e-01  4.7547e-03  1.9574e-03  1.1687e-01  +1.95858648e+03  +1.96627083e+03     39.92    288.228  0  0.000e+00  0.000e+00
  7250  1.1827e-01  4.7322e-03  2.4323e-03  1.1827e-01  +1.95853789e+03  +1.96809103e+03     38.92    289.217  0  0.000e+00  0.000e+00
  7275  1.1349e-01  4.7450e-03  1.3282e-03  1.1349e-01  +1.95836558e+03  +1.96357589e+03     41.13    290.201  0  0.000e+00  0.000e+00
  7300  1.1547e-01  4.7305e-03  1.2366e-03  1.1547e-01  +1.95819483e+03  +1.96304506e+03     39.15    291.184  0  0.000e+00  0.000e+00
  7325  1.1359e-01  4.7350e-03  1.6568e-03  1.1359e-01  +1.95808022e+03  +1.96458081e+03     38.83    292.171  0  0.000e+00  0.000e+00
  7350  1.2068e-01  4.7042e-03  3.1111e-04  1.2068e-01  +1.95800073e+03  +1.95921974e+03     39.08    293.149  0  0.000e+00  0.000e+00
  7375  1.2499e-01  4.7276e-03  6.1116e-05  1.2499e-01  +1.95775796e+03  +1.95751861e+03     38.50    294.136  0  0.000e+00  0.000e+00
  7400  1.3041e-01  4.7277e-03  1.2740e-04  1.3041e-01  +1.95766209e+03  +1.95716321e+03     38.37    295.128  0  0.000e+00  0.000e+00
  7425  1.2721e-01  4.7499e-03  9.7950e-04  1.2721e-01  +1.95749038e+03  +1.96132986e+03     40.37    296.113  0  0.000e+00  0.000e+00
  7450  1.2057e-01  4.7577e-03  4.9363e-04  1.2057e-01  +1.95736477e+03  +1.95929867e+03     40.53    297.106  0  0.000e+00  0.000e+00
  7475  1.0767e-01  4.7572e-03  6.4836e-04  1.0767e-01  +1.95711173e+03  +1.95965186e+03     38.71    298.089  0  0.000e+00  0.000e+00
  7500  1.2027e-01  4.7573e-03  5.9242e-04  1.2027e-01  +1.95707720e+03  +1.95939800e+03     39.04    299.078  0  0.000e+00  0.000e+00
  7525  1.2551e-01  4.7675e-03  5.9506e-04  1.2551e-01  +1.95697149e+03  +1.95464324e+03     38.69    300.072  0  0.000e+00  0.000e+00
  7550  1.0493e-01  4.7648e-03  1.4395e-05  1.0493e-01  +1.95662352e+03  +1.95667987e+03     38.55    301.060  0  0.000e+00  0.000e+00
  7575  1.2322e-01  4.7491e-03  1.1037e-03  1.2322e-01  +1.95660339e+03  +1.96092812e+03     39.01    302.041  0  0.000e+00  0.000e+00
  7600  1.1755e-01  4.7477e-03  9.0338e-04  1.1755e-01  +1.95646110e+03  +1.96000006e+03     38.77    303.031  0  0.000e+00  0.000e+00
  7625  1.2955e-01  4.7666e-03  1.1189e-03  1.2955e-01  +1.95639776e+03  +1.96078199e+03     38.66    304.019  0  0.000e+00  0.000e+00
  7650  1.2255e-01  4.7616e-03  1.0781e-03  1.2255e-01  +1.95621662e+03  +1.96044036e+03     38.99    305.008  0  0.000e+00  0.000e+00
  7675  1.1407e-01  4.8089e-03  1.8415e-03  1.1407e-01  +1.95599189e+03  +1.96321078e+03     39.09    305.993  0  0.000e+00  0.000e+00
  7700  1.2368e-01  4.7797e-03  1.4863e-04  1.2368e-01  +1.95608406e+03  +1.95550253e+03     39.78    306.985  0  0.000e+00  0.000e+00
  7725  1.1487e-01  4.8013e-03  6.8170e-04  1.1487e-01  +1.95571040e+03  +1.95837933e+03     38.50    307.971  0  0.000e+00  0.000e+00
  7750  1.1067e-01  4.8447e-03  3.2078e-04  1.1067e-01  +1.95571992e+03  +1.95697534e+03     39.23    308.957  0  0.000e+00  0.000e+00
  7775  1.1712e-01  4.8088e-03  3.0032e-04  1.1712e-01  +1.95544859e+03  +1.95427410e+03     40.46    309.949  0  0.000e+00  0.000e+00
  7800  1.1810e-01  4.8151e-03  1.8617e-03  1.1810e-01  +1.95530504e+03  +1.96260087e+03     39.43    311.012  0  0.000e+00  0.000e+00
  7825  1.0928e-01  4.7981e-03  1.0158e-03  1.0928e-01  +1.95536086e+03  +1.95933824e+03     38.94    312.002  0  0.000e+00  0.000e+00
  7850  1.1776e-01  4.8201e-03  4.9717e-04  1.1776e-01  +1.95509446e+03  +1.95703994e+03     38.50    312.992  0  0.000e+00  0.000e+00
  7875  1.1579e-01  4.7888e-03  2.3907e-03  1.1579e-01  +1.95499169e+03  +1.96436418e+03     39.50    313.978  0  0.000e+00  0.000e+00
  7900  1.1090e-01  4.8127e-03  1.0884e-03  1.1090e-01  +1.95490169e+03  +1.95916273e+03     37.92    315.017  0  0.000e+00  0.000e+00
  7925  1.0959e-01  4.7928e-03  5.1561e-04  1.0959e-01  +1.95472886e+03  +1.95674615e+03     41.94    316.006  0  0.000e+00  0.000e+00
  7950  1.0961e-01  4.8042e-03  2.8101e-03  1.0961e-01  +1.95458152e+03  +1.96560056e+03     40.00    316.990  0  0.000e+00  0.000e+00
  7975  1.1253e-01  4.7735e-03  1.8710e-04  1.1253e-01  +1.95465609e+03  +1.95392461e+03     39.59    317.976  0  0.000e+00  0.000e+00
  8000  1.1899e-01  4.7839e-03  5.2026e-04  1.1899e-01  +1.95425542e+03  +1.95629046e+03     40.70    318.965  0  0.000e+00  0.000e+00
  8025  1.2875e-01  4.7513e-03  1.0076e-03  1.2875e-01  +1.95437892e+03  +1.95832247e+03     40.02    319.950  0  0.000e+00  0.000e+00
  8050  1.1207e-01  4.7741e-03  5.6890e-04  1.1207e-01  +1.95406045e+03  +1.95183781e+03     40.03    320.939  0  0.000e+00  0.000e+00
  8075  1.1180e-01  4.7882e-03  8.0039e-04  1.1180e-01  +1.95410323e+03  +1.95097684e+03     40.24    321.929  0  0.000e+00  0.000e+00
  8100  1.2916e-01  4.7827e-03  2.3357e-04  1.2916e-01  +1.95377623e+03  +1.95286353e+03     38.99    322.914  0  0.000e+00  0.000e+00
  8125  1.2575e-01  4.7718e-03  1.1639e-03  1.2575e-01  +1.95389658e+03  +1.94935237e+03     39.46    323.893  0  0.000e+00  0.000e+00
  8150  1.2332e-01  4.7637e-03  1.1904e-03  1.2332e-01  +1.95352320e+03  +1.94887664e+03     38.91    324.880  0  0.000e+00  0.000e+00
  8175  1.1328e-01  4.7539e-03  7.4270e-04  1.1328e-01  +1.95352401e+03  +1.95062364e+03     39.11    325.871  0  0.000e+00  0.000e+00
  8200  1.1163e-01  4.7467e-03  3.3836e-04  1.1163e-01  +1.95326345e+03  +1.95194175e+03     38.38    326.862  0  0.000e+00  0.000e+00
  8225  1.1106e-01  4.7478e-03  7.9513e-06  1.1106e-01  +1.95334379e+03  +1.95337486e+03     39.62    327.846  0  0.000e+00  0.000e+00
  8250  1.0737e-01  4.7542e-03  5.0515e-04  1.0737e-01  +1.95299239e+03  +1.95496700e+03     39.18    328.836  0  0.000e+00  0.000e+00
  8275  1.2796e-01  4.7519e-03  3.3587e-04  1.2796e-01  +1.95318807e+03  +1.95187616e+03     38.14    329.824  0  0.000e+00  0.000e+00
  8300  1.1546e-01  4.7381e-03  1.3911e-04  1.1546e-01  +1.95287186e+03  +1.95232846e+03     38.70    330.814  0  0.000e+00  0.000e+00
  8325  1.1427e-01  4.7514e-03  1.2001e-03  1.1427e-01  +1.95285344e+03  +1.94817071e+03     40.00    331.809  0  0.000e+00  0.000e+00
  8350  1.2184e-01  4.7295e-03  5.5788e-04  1.2184e-01  +1.95265225e+03  +1.95047423e+03     39.65    332.799  0  0.000e+00  0.000e+00
  8375  1.0903e-01  4.7120e-03  1.0530e-03  1.0903e-01  +1.95257272e+03  +1.94846389e+03     39.47    333.788  0  0.000e+00  0.000e+00
  8400  1.1528e-01  4.6964e-03  2.4947e-03  1.1528e-01  +1.95250091e+03  +1.94278074e+03     39.02    334.766  0  0.000e+00  0.000e+00
  8425  1.0598e-01  4.6887e-03  1.3584e-03  1.0598e-01  +1.95221103e+03  +1.94691294e+03     39.50    335.758  0  0.000e+00  0.000e+00
  8450  1.2818e-01  4.7004e-03  1.2040e-03  1.2818e-01  +1.95225634e+03  +1.94755995e+03     38.37    336.749  0  0.000e+00  0.000e+00
  8475  1.1775e-01  4.7141e-03  2.0677e-03  1.1775e-01  +1.95205561e+03  +1.94399766e+03     39.21    337.729  0  0.000e+00  0.000e+00
  8500  1.1807e-01  4.7313e-03  2.0052e-03  1.1807e-01  +1.95190024e+03  +1.94408610e+03     39.25    338.718  0  0.000e+00  0.000e+00
  8525  1.0868e-01  4.7500e-03  1.4453e-03  1.0868e-01  +1.95178536e+03  +1.94615028e+03     39.08    339.707  0  0.000e+00  0.000e+00
  8550  1.1143e-01  4.7560e-03  9.2449e-06  1.1143e-01  +1.95163485e+03  +1.95159876e+03     40.09    340.689  0  0.000e+00  0.000e+00
  8575  1.1941e-01  4.7830e-03  7.3647e-04  1.1941e-01  +1.95169986e+03  +1.94882648e+03     39.61    341.681  0  0.000e+00  0.000e+00
  8600  1.1424e-01  4.7615e-03  7.8637e-04  1.1424e-01  +1.95140271e+03  +1.94833528e+03     39.90    342.669  0  0.000e+00  0.000e+00
  8625  1.1963e-01  4.7803e-03  7.2184e-04  1.1963e-01  +1.95140856e+03  +1.94859264e+03     38.34    343.652  0  0.000e+00  0.000e+00
  8650  1.0379e-01  4.8034e-03  2.1484e-03  1.0379e-01  +1.95131817e+03  +1.94294943e+03     38.43    344.640  0  0.000e+00  0.000e+00
  8675  1.1947e-01  4.8058e-03  2.0885e-03  1.1947e-01  +1.95110632e+03  +1.94297149e+03     40.91    345.633  0  0.000e+00  0.000e+00
  8700  1.1614e-01  4.8246e-03  3.1546e-03  1.1614e-01  +1.95108814e+03  +1.93881392e+03     38.24    346.617  0  0.000e+00  0.000e+00
  8725  1.1270e-01  4.8209e-03  2.9566e-03  1.1270e-01  +1.95086654e+03  +1.93936186e+03     38.85    347.605  0  0.000e+00  0.000e+00
  8750  1.0884e-01  4.8209e-03  7.9352e-04  1.0884e-01  +1.95074410e+03  +1.94764986e+03     40.32    348.597  0  0.000e+00  0.000e+00
  8775  1.2339e-01  4.8369e-03  3.6516e-04  1.2339e-01  +1.95070177e+03  +1.94927729e+03     41.17    349.585  0  0.000e+00  0.000e+00
  8800  1.1475e-01  4.8081e-03  2.5656e-03  1.1475e-01  +1.95070807e+03  +1.94072158e+03     39.84    350.574  0  0.000e+00  0.000e+00
  8825  1.1540e-01  4.8154e-03  1.5086e-03  1.1540e-01  +1.95027801e+03  +1.94440081e+03     38.90    351.557  0  0.000e+00  0.000e+00
  8850  1.1583e-01  4.7855e-03  4.7835e-04  1.1583e-01  +1.95047165e+03  +1.94860605e+03     39.61    352.547  0  0.000e+00  0.000e+00
  8875  1.1278e-01  4.8007e-03  1.6263e-03  1.1278e-01  +1.95021019e+03  +1.94387569e+03     40.84    353.534  0  0.000e+00  0.000e+00
  8900  1.2423e-01  4.8043e-03  1.6777e-03  1.2423e-01  +1.95020155e+03  +1.94366723e+03     40.13    354.520  0  0.000e+00  0.000e+00
  8925  1.0446e-01  4.8335e-03  1.3737e-03  1.0446e-01  +1.95006662e+03  +1.94471511e+03     39.44    355.506  0  0.000e+00  0.000e+00
  8950  1.0498e-01  4.8674e-03  2.7513e-03  1.0498e-01  +1.94996976e+03  +1.93926653e+03     39.99    356.499  0  0.000e+00  0.000e+00
  8975  1.1203e-01  4.8548e-03  1.7960e-03  1.1203e-01  +1.94982132e+03  +1.94282830e+03     38.39    357.491  0  0.000e+00  0.000e+00
  9000  1.1377e-01  4.8910e-03  6.8220e-04  1.1377e-01  +1.94978001e+03  +1.94712087e+03     38.53    358.482  0  0.000e+00  0.000e+00
  9025  1.1709e-01  4.9046e-03  4.3106e-03  1.1709e-01  +1.94978261e+03  +1.93304116e+03     40.23    359.473  0  0.000e+00  0.000e+00
  9050  1.2124e-01  4.8500e-03  2.8574e-03  1.2124e-01  +1.94936643e+03  +1.93825498e+03     41.06    360.459  0  0.000e+00  0.000e+00
  9075  1.0729e-01  4.8782e-03  1.8709e-03  1.0729e-01  +1.94947403e+03  +1.94219143e+03     38.54    361.440  0  0.000e+00  0.000e+00
  9100  1.1414e-01  4.8194e-03  3.1904e-03  1.1414e-01  +1.94932408e+03  +1.93692233e+03     40.78    362.427  0  0.000e+00  0.000e+00
  9125  1.0827e-01  4.8365e-03  3.6083e-03  1.0827e-01  +1.94917676e+03  +1.93515742e+03     40.86    363.422  0  0.000e+00  0.000e+00
  9150  1.2502e-01  4.8284e-03  2.4979e-03  1.2502e-01  +1.94901337e+03  +1.93929831e+03     38.84    364.413  0  0.000e+00  0.000e+00
  9175  1.1471e-01  4.8284e-03  3.4857e-03  1.1471e-01  +1.94902231e+03  +1.93547853e+03     39.71    365.395  0  0.000e+00  0.000e+00
  9200  1.2583e-01  4.8343e-03  3.5637e-03  1.2583e-01  +1.94880601e+03  +1.93496202e+03     39.13    366.385  0  0.000e+00  0.000e+00
  9225  1.1875e-01  4.8354e-03  1.6724e-03  1.1875e-01  +1.94871894e+03  +1.94220989e+03     39.39    367.471  0  0.000e+00  0.000e+00
  9250  1.0974e-01  4.8398e-03  2.5230e-03  1.0974e-01  +1.94874635e+03  +1.93893521e+03     39.82    368.457  0  0.000e+00  0.000e+00
  9275  1.0765e-01  4.8416e-03  3.7176e-03  1.0765e-01  +1.94852441e+03  +1.93408682e+03     39.23    369.445  0  0.000e+00  0.000e+00
  9300  1.1818e-01  4.8492e-03  1.7235e-03  1.1818e-01  +1.94835162e+03  +1.94164531e+03     38.88    370.433  0  0.000e+00  0.000e+00
  9325  1.0592e-01  4.8298e-03  8.2082e-04  1.0592e-01  +1.94839968e+03  +1.94520293e+03     38.31    371.420  0  0.000e+00  0.000e+00
  9350  1.1797e-01  4.8509e-03  3.8109e-03  1.1797e-01  +1.94834083e+03  +1.93354338e+03     40.01    372.409  0  0.000e+00  0.000e+00
  9375  1.2195e-01  4.8614e-03  1.2539e-03  1.2195e-01  +1.94797710e+03  +1.94309690e+03     38.27    373.388  0  0.000e+00  0.000e+00
  9400  1.0941e-01  4.8959e-03  2.1643e-03  1.0941e-01  +1.94821707e+03  +1.93979995e+03     39.62    374.375  0  0.000e+00  0.000e+00
  9425  1.1992e-01  4.8675e-03  3.7914e-03  1.1992e-01  +1.94790567e+03  +1.93318720e+03     39.47    375.357  0  0.000e+00  0.000e+00
  9450  1.1026e-01  4.8764e-03  1.5876e-03  1.1026e-01  +1.94780628e+03  +1.94162981e+03     40.23    376.341  0  0.000e+00  0.000e+00
  9475  1.2129e-01  4.9061e-03  1.5759e-03  1.2129e-01  +1.94786430e+03  +1.94173294e+03     40.05    377.330  0  0.000e+00  0.000e+00
  9500  1.1471e-01  4.9138e-03  1.9619e-03  1.1471e-01  +1.94757792e+03  +1.93994915e+03     40.01    378.318  0  0.000e+00  0.000e+00
  9525  1.0958e-01  4.9507e-03  2.1990e-03  1.0958e-01  +1.94770839e+03  +1.93915889e+03     38.07    379.301  0  0.000e+00  0.000e+00
  9550  1.1675e-01  4.9433e-03  2.9618e-03  1.1675e-01  +1.94742087e+03  +1.93591642e+03     40.44    380.289  0  0.000e+00  0.000e+00
  9575  1.1875e-01  4.9377e-03  2.4856e-03  1.1875e-01  +1.94748400e+03  +1.93782410e+03     40.19    381.272  0  0.000e+00  0.000e+00
  9600  1.1924e-01  4.9857e-03  1.9915e-03  1.1924e-01  +1.94730467e+03  +1.93956210e+03     39.32    382.257  0  0.000e+00  0.000e+00
  9625  1.1309e-01  4.9918e-03  1.9351e-03  1.1309e-01  +1.94721553e+03  +1.93969220e+03     39.69    383.236  0  0.000e+00  0.000e+00
  9650  1.0877e-01  4.9795e-03  9.3703e-04  1.0877e-01  +1.94711696e+03  +1.94347042e+03     38.97    384.223  0  0.000e+00  0.000e+00
  9675  1.2256e-01  4.9773e-03  2.4302e-03  1.2256e-01  +1.94717143e+03  +1.93772788e+03     39.05    385.216  0  0.000e+00  0.000e+00
  9700  1.0564e-01  4.9843e-03  2.8876e-03  1.0564e-01  +1.94692318e+03  +1.93570870e+03     39.07    386.836  0  0.000e+00  0.000e+00
  9725  1.1421e-01  4.9952e-03  3.0803e-03  1.1421e-01  +1.94689914e+03  +1.93493888e+03     38.33    387.826  0  0.000e+00  0.000e+00
  9750  1.1831e-01  5.0350e-03  4.9065e-03  1.1831e-01  +1.94679666e+03  +1.92778094e+03     38.28    388.813  0  0.000e+00  0.000e+00
  9775  1.0825e-01  5.0615e-03  4.4726e-03  1.0825e-01  +1.94665757e+03  +1.92931734e+03     40.32    389.793  0  0.000e+00  0.000e+00
  9800  1.1287e-01  5.0984e-03  3.0607e-03  1.1287e-01  +1.94653449e+03  +1.93465232e+03     38.21    390.783  0  0.000e+00  0.000e+00
  9825  1.2766e-01  5.1137e-03  2.4276e-03  1.2766e-01  +1.94643618e+03  +1.93700613e+03     38.37    391.772  0  0.000e+00  0.000e+00
  9850  1.0731e-01  5.1244e-03  2.2288e-03  1.0731e-01  +1.94635479e+03  +1.93769562e+03     39.95    392.760  0  0.000e+00  0.000e+00
  9875  1.0991e-01  5.1089e-03  1.3444e-03  1.0991e-01  +1.94620198e+03  +1.94097461e+03     40.09    393.746  0  0.000e+00  0.000e+00
  9900  1.2532e-01  5.1092e-03  3.6453e-03  1.2532e-01  +1.94630549e+03  +1.93216371e+03     40.29    394.732  0  0.000e+00  0.000e+00
  9925  1.1076e-01  5.1090e-03  2.3623e-03  1.1076e-01  +1.94595524e+03  +1.93678084e+03     39.16    395.720  0  0.000e+00  0.000e+00
  9950  1.2582e-01  5.1111e-03  2.6282e-03  1.2582e-01  +1.94619891e+03  +1.93599318e+03     38.78    396.699  0  0.000e+00  0.000e+00
  9975  1.1259e-01  5.1225e-03  4.3901e-03  1.1259e-01  +1.94594243e+03  +1.92892686e+03     38.12    397.685  0  0.000e+00  0.000e+00
 10000  1.1424e-01  5.1428e-03  3.7650e-03  1.1424e-01  +1.94577017e+03  +1.93116963e+03     39.94    398.666  0  0.000e+00  0.000e+00
# symmetry defect eps_sym = ||P-P^T||_F/||P||_F on 420 logged iterates (0 on the deflated path), symmetrize=1:
#   before symmetrization: all mean 0.000e+00 median 0.000e+00 max 0.000e+00 | deflated-path mean 0.000e+00 median 0.000e+00 max 0.000e+00
#   after  symmetrization: all mean 0.000e+00 median 0.000e+00 max 0.000e+00 | deflated-path mean 0.000e+00 median 0.000e+00 max 0.000e+00
# symmetrize=1: 8460.2 ms total (0.846 ms/it), included in proj time
# rank(X) at relative thresholds 1e-6 / 1e-4 / 1e-3 of lambda_max: 3015 / 53 / 49

FINAL problem=data/G60_mb.sdp mode=baseline16 sigma=1 iters=10000 | pinf 1.142e-01 dinf 5.143e-03 gap 3.765e-03 eta 1.142e-01 | lmin(X) -1.444e-02 lmin(S) -3.376e-02 eta_full 1.142e-01 | rank(X) 3015/7000 | obj 1.94577017e+03 | proj 398.7 s (39.9 ms/it) wall 417.6 s | symmetrize 1 eps_raw_max 0.000e+00 eps_used_max 0.000e+00
