# min-bisection SDP  problem=data/G60_mb.sdp n=7000 m=7001 F0_nnz=24105  mode=deflated16 sigma=1 eta_tol=0 window=0.025 gamma=1.1 symmetrize=1  ||C||_F=1.213724e+02
# iter  pinf        dinf        gap         eta         obj_primal      obj_dual        proj_ms  cum_proj_s  deflated  eps_sym_raw  eps_sym_used
     1  1.5679e+01  7.8131e-01  4.1240e-01  1.5679e+01  +6.47982195e+03  +1.55762252e+04    100.05      0.100  0  0.000e+00  0.000e+00
     2  2.6562e+01  2.9866e-01  1.6002e-01  2.6562e+01  +6.18607036e+03  +8.54313383e+03     41.74      0.142  0  0.000e+00  0.000e+00
     3  2.4529e+01  2.1026e-01  9.8703e-02  2.4529e+01  +5.76327755e+03  +7.02567971e+03     42.52      0.184  0  0.000e+00  0.000e+00
     4  1.9893e+01  1.6197e-01  4.5799e-02  1.9893e+01  +5.17084690e+03  +5.66727143e+03     42.74      0.227  0  0.000e+00  0.000e+00
     5  1.5910e+01  1.3549e-01  2.6274e-02  1.5910e+01  +4.64651756e+03  +4.89729590e+03     42.48      0.270  0  0.000e+00  0.000e+00
     6  1.2945e+01  1.1556e-01  3.0921e-02  1.2945e+01  +4.24656052e+03  +4.51758324e+03     42.94      0.312  0  0.000e+00  0.000e+00
     7  1.0774e+01  9.9371e-02  4.8444e-02  1.0774e+01  +3.96367006e+03  +4.36730727e+03     42.95      0.355  0  0.000e+00  0.000e+00
     8  9.1627e+00  8.6873e-02  6.8381e-02  9.1627e+00  +3.77239777e+03  +4.32625730e+03     44.63      0.400  0  0.000e+00  0.000e+00
     9  7.9564e+00  7.7926e-02  8.4032e-02  7.9564e+00  +3.64526133e+03  +4.31419261e+03     43.56      0.444  0  0.000e+00  0.000e+00
    10  7.0481e+00  7.1567e-02  9.3051e-02  7.0481e+00  +3.55872091e+03  +4.28906178e+03     43.14      0.487  0  0.000e+00  0.000e+00
    11  6.3571e+00  6.6695e-02  9.5903e-02  6.3571e+00  +3.49494682e+03  +4.23651308e+03     43.64      0.530  0  0.000e+00  0.000e+00
    12  5.8104e+00  6.2618e-02  9.4332e-02  5.8104e+00  +3.44228185e+03  +4.15946180e+03     43.11      0.573  0  0.000e+00  0.000e+00
    13  5.3626e+00  5.9048e-02  9.0335e-02  5.3626e+00  +3.39407765e+03  +4.06828230e+03     42.79      0.616  0  0.000e+00  0.000e+00
    14  4.9769e+00  5.5877e-02  8.5644e-02  4.9769e+00  +3.34724877e+03  +3.97438656e+03     42.67      0.659  0  0.000e+00  0.000e+00
    15  4.6459e+00  5.3045e-02  8.1480e-02  4.6459e+00  +3.30129764e+03  +3.88708722e+03     43.48      0.702  0  0.000e+00  0.000e+00
    16  4.3504e+00  5.0546e-02  7.8499e-02  4.3504e+00  +3.25675807e+03  +3.81170697e+03     42.90      0.745  0  0.000e+00  0.000e+00
    17  4.0938e+00  4.8282e-02  7.6837e-02  4.0938e+00  +3.21474375e+03  +3.74996708e+03     42.98      0.788  0  0.000e+00  0.000e+00
    18  3.8555e+00  4.6234e-02  7.6277e-02  3.8555e+00  +3.17600587e+03  +3.70061157e+03     43.18      0.831  0  0.000e+00  0.000e+00
    19  3.6630e+00  4.4388e-02  7.6471e-02  3.6630e+00  +3.14073170e+03  +3.66093706e+03     43.53      0.875  0  0.000e+00  0.000e+00
    20  3.4839e+00  4.2682e-02  7.7030e-02  3.4839e+00  +3.10927775e+03  +3.62835792e+03     43.18      0.918  0  0.000e+00  0.000e+00
    25  2.8675e+00  3.6191e-02  7.6078e-02  2.8675e+00  +2.99234023e+03  +3.48521658e+03     43.04      1.136  0  0.000e+00  0.000e+00
    50  1.6678e+00  2.1942e-02  6.2994e-02  1.6678e+00  +2.69566071e+03  +3.05817954e+03     43.36      2.219  0  0.000e+00  0.000e+00
    75  1.2398e+00  1.6506e-02  5.6630e-02  1.2398e+00  +2.56192426e+03  +2.86956518e+03     43.54      3.301  0  0.000e+00  0.000e+00
   100  1.0122e+00  1.3550e-02  5.2101e-02  1.0122e+00  +2.48041517e+03  +2.75313918e+03     43.00      4.387  0  0.000e+00  0.000e+00
   125  8.7706e-01  1.1610e-02  4.8510e-02  8.7706e-01  +2.42402593e+03  +2.67124375e+03     43.61      5.471  0  0.000e+00  0.000e+00
   150  7.6788e-01  1.0286e-02  4.5850e-02  7.6788e-01  +2.38174380e+03  +2.61069409e+03     42.73      6.553  0  0.000e+00  0.000e+00
   175  6.8478e-01  9.3013e-03  4.3746e-02  6.8478e-01  +2.34832309e+03  +2.56322858e+03     42.99      7.636  0  0.000e+00  0.000e+00
   200  6.2242e-01  8.5613e-03  4.1695e-02  6.2242e-01  +2.32126038e+03  +2.52329447e+03     42.87      8.717  0  0.000e+00  0.000e+00
   225  5.7095e-01  7.9667e-03  4.0349e-02  5.7095e-01  +2.29854176e+03  +2.49186838e+03     43.36      9.802  0  0.000e+00  0.000e+00
# gate it=250 k=350 kw=175 s1=4.126e+01 s_kw/s1=4.387e-01 fired=0 clipped_neg=0 clipped_pos=0 fired_frac_last250=0.000
   250  5.4545e-01  7.4944e-03  3.9061e-02  5.4545e-01  +2.27922289e+03  +2.46455976e+03     42.84     10.884  0  0.000e+00  0.000e+00
   275  5.1867e-01  7.1338e-03  3.7724e-02  5.1867e-01  +2.26239864e+03  +2.43982499e+03     43.46     11.970  0  0.000e+00  0.000e+00
   300  4.7173e-01  6.8565e-03  3.6828e-02  4.7173e-01  +2.24771648e+03  +2.41964511e+03     43.21     13.053  0  0.000e+00  0.000e+00
   325  4.5955e-01  6.5499e-03  3.5197e-02  4.5955e-01  +2.23468338e+03  +2.39776584e+03     43.53     14.137  0  0.000e+00  0.000e+00
   350  4.4363e-01  6.3361e-03  3.4414e-02  4.4363e-01  +2.22298743e+03  +2.38148192e+03     43.64     15.221  0  0.000e+00  0.000e+00
   375  4.0070e-01  6.1558e-03  3.3357e-02  4.0070e-01  +2.21242064e+03  +2.36514620e+03     43.33     16.303  0  0.000e+00  0.000e+00
   400  4.1576e-01  5.9918e-03  3.2630e-02  4.1576e-01  +2.20283947e+03  +2.35147853e+03     43.96     17.385  0  0.000e+00  0.000e+00
   425  3.6884e-01  5.8572e-03  3.1999e-02  3.6884e-01  +2.19411616e+03  +2.33920881e+03     43.02     18.468  0  0.000e+00  0.000e+00
   450  3.5451e-01  5.7175e-03  3.1320e-02  3.5451e-01  +2.18604462e+03  +2.32744024e+03     43.52     19.548  0  0.000e+00  0.000e+00
   475  3.4422e-01  5.6199e-03  3.0685e-02  3.4422e-01  +2.17863005e+03  +2.31659539e+03     42.99     20.632  0  0.000e+00  0.000e+00
# gate it=500 k=350 kw=175 s1=6.034e+01 s_kw/s1=2.784e-01 fired=0 clipped_neg=0 clipped_pos=0 fired_frac_last250=0.000
   500  3.3988e-01  5.5038e-03  2.9928e-02  3.3988e-01  +2.17159582e+03  +2.30562015e+03     43.20     21.717  0  0.000e+00  0.000e+00
   525  3.3633e-01  5.4010e-03  2.9859e-02  3.3633e-01  +2.16519539e+03  +2.29850859e+03     42.99     22.802  0  0.000e+00  0.000e+00
   550  3.5057e-01  5.3362e-03  2.8634e-02  3.5057e-01  +2.15920439e+03  +2.28653173e+03     43.50     23.885  0  0.000e+00  0.000e+00
   575  3.3481e-01  5.2668e-03  2.8345e-02  3.3481e-01  +2.15363990e+03  +2.27932042e+03     42.65     24.969  0  0.000e+00  0.000e+00
   600  3.2881e-01  5.1929e-03  2.8283e-02  3.2881e-01  +2.14834105e+03  +2.27342823e+03     44.09     26.053  0  0.000e+00  0.000e+00
   625  3.2254e-01  5.1350e-03  2.7780e-02  3.2254e-01  +2.14326575e+03  +2.26577559e+03     42.97     27.133  0  0.000e+00  0.000e+00
   650  2.9232e-01  5.0368e-03  2.6834e-02  2.9232e-01  +2.13850056e+03  +2.25646204e+03     44.54     28.217  0  0.000e+00  0.000e+00
   675  2.7004e-01  5.0015e-03  2.6888e-02  2.7004e-01  +2.13400424e+03  +2.25196155e+03     44.07     29.305  0  0.000e+00  0.000e+00
   700  2.6024e-01  4.9412e-03  2.6467e-02  2.6024e-01  +2.12981302e+03  +2.24564494e+03     43.30     30.389  0  0.000e+00  0.000e+00
   725  2.5436e-01  4.8874e-03  2.5900e-02  2.5436e-01  +2.12575077e+03  +2.23882072e+03     44.09     31.472  0  0.000e+00  0.000e+00
# gate it=750 k=350 kw=175 s1=7.555e+01 s_kw/s1=1.599e-01 fired=0 clipped_neg=0 clipped_pos=0 fired_frac_last250=0.000
   750  2.5142e-01  4.8702e-03  2.6028e-02  2.5142e-01  +2.12187326e+03  +2.23530683e+03     43.09     32.558  0  0.000e+00  0.000e+00
   775  2.4047e-01  4.7692e-03  2.5017e-02  2.4047e-01  +2.11814471e+03  +2.22686964e+03     43.19     33.638  0  0.000e+00  0.000e+00
   800  2.4673e-01  4.7314e-03  2.4577e-02  2.4673e-01  +2.11476326e+03  +2.22135677e+03     43.09     34.717  0  0.000e+00  0.000e+00
   825  2.3638e-01  4.7332e-03  2.4938e-02  2.3638e-01  +2.11123682e+03  +2.21925733e+03     42.61     35.795  0  0.000e+00  0.000e+00
   850  2.3024e-01  4.7032e-03  2.3815e-02  2.3024e-01  +2.10815639e+03  +2.21104335e+03     43.51     36.876  0  0.000e+00  0.000e+00
   875  2.5127e-01  4.6821e-03  2.3890e-02  2.5127e-01  +2.10516425e+03  +2.20823733e+03     42.97     37.956  0  0.000e+00  0.000e+00
   900  2.5976e-01  4.6483e-03  2.3585e-02  2.5976e-01  +2.10210211e+03  +2.20367964e+03     42.74     39.034  0  0.000e+00  0.000e+00
   925  2.6220e-01  2.7234e-03  2.4453e-02  2.6220e-01  +2.09944856e+03  +2.20472214e+03     45.06     40.160  171  0.000e+00  0.000e+00
   950  2.4430e-01  2.6373e-03  2.4086e-02  2.4430e-01  +2.09665934e+03  +2.20017782e+03     44.99     41.294  169  0.000e+00  0.000e+00
   975  2.3571e-01  2.6163e-03  2.4264e-02  2.3571e-01  +2.09421905e+03  +2.19839776e+03     45.12     42.421  166  0.000e+00  0.000e+00
# gate it=1000 k=350 kw=175 s1=8.856e+01 s_kw/s1=6.821e-02 fired=1 clipped_neg=164 clipped_pos=0 fired_frac_last250=0.400
# deflate it=1000 alpha=1.279e+01 theta=8.856e+00 clipped_neg=164 clipped_pos=0
  1000  2.3221e-01  2.5516e-03  2.3485e-02  2.3221e-01  +2.09170078e+03  +2.19233661e+03     44.80     43.547  164  0.000e+00  0.000e+00
  1025  2.7771e-01  2.5201e-03  2.3369e-02  2.7771e-01  +2.08944374e+03  +2.18946291e+03     44.79     44.672  161  0.000e+00  0.000e+00
  1050  2.5623e-01  2.4742e-03  2.3287e-02  2.5623e-01  +2.08707454e+03  +2.18661942e+03     45.49     45.801  160  0.000e+00  0.000e+00
  1075  2.5244e-01  2.4508e-03  2.3201e-02  2.5244e-01  +2.08476324e+03  +2.18382024e+03     44.72     46.927  158  0.000e+00  0.000e+00
  1100  2.5439e-01  2.4044e-03  2.2867e-02  2.5439e-01  +2.08279056e+03  +2.18029575e+03     44.49     48.055  154  0.000e+00  0.000e+00
  1125  2.1055e-01  2.3751e-03  2.2695e-02  2.1055e-01  +2.08067246e+03  +2.17733244e+03     44.92     49.182  153  0.000e+00  0.000e+00
  1150  2.4917e-01  2.3122e-03  2.1975e-02  2.4917e-01  +2.07862391e+03  +2.17205548e+03     45.62     50.311  151  0.000e+00  0.000e+00
  1175  2.0738e-01  2.2875e-03  2.2287e-02  2.0738e-01  +2.07675390e+03  +2.17145748e+03     45.44     51.439  150  0.000e+00  0.000e+00
  1200  2.4254e-01  2.2643e-03  2.1725e-02  2.4254e-01  +2.07493419e+03  +2.16711468e+03     44.64     52.568  147  0.000e+00  0.000e+00
  1225  2.5290e-01  2.2210e-03  2.1655e-02  2.5290e-01  +2.07311381e+03  +2.16491152e+03     45.46     53.690  146  0.000e+00  0.000e+00
# gate it=1250 k=350 kw=175 s1=9.992e+01 s_kw/s1=2.754e-02 fired=1 clipped_neg=146 clipped_pos=0 fired_frac_last250=1.000
# deflate it=1250 alpha=1.359e+01 theta=9.992e+00 clipped_neg=146 clipped_pos=0
  1250  2.0545e-01  2.1864e-03  2.1812e-02  2.0545e-01  +2.07126395e+03  +2.16365880e+03     45.43     54.824  146  0.000e+00  0.000e+00
  1275  2.0618e-01  2.1568e-03  2.1181e-02  2.0618e-01  +2.06955692e+03  +2.15914594e+03     44.50     55.945  145  0.000e+00  0.000e+00
  1300  1.9635e-01  2.1246e-03  2.1239e-02  1.9635e-01  +2.06793239e+03  +2.15770367e+03     44.73     57.074  143  0.000e+00  0.000e+00
  1325  2.2242e-01  2.1111e-03  2.1199e-02  2.2242e-01  +2.06623938e+03  +2.15576277e+03     45.11     58.202  141  0.000e+00  0.000e+00
  1350  1.9216e-01  2.0801e-03  2.0569e-02  1.9216e-01  +2.06459171e+03  +2.15132863e+03     45.69     59.330  140  0.000e+00  0.000e+00
  1375  1.9277e-01  2.0484e-03  2.0842e-02  1.9277e-01  +2.06315477e+03  +2.15100619e+03     44.51     60.454  138  0.000e+00  0.000e+00
  1400  2.1707e-01  2.0304e-03  2.0442e-02  2.1707e-01  +2.06169465e+03  +2.14776625e+03     45.07     61.586  137  0.000e+00  0.000e+00
  1425  2.2124e-01  2.0047e-03  2.0549e-02  2.2124e-01  +2.06026291e+03  +2.14673440e+03     44.73     62.714  136  0.000e+00  0.000e+00
  1450  2.0622e-01  1.9717e-03  2.0126e-02  2.0622e-01  +2.05875272e+03  +2.14334576e+03     45.06     63.842  134  0.000e+00  0.000e+00
  1475  1.8337e-01  1.9537e-03  1.9875e-02  1.8337e-01  +2.05742112e+03  +2.14088361e+03     44.61     64.966  133  0.000e+00  0.000e+00
# gate it=1500 k=350 kw=175 s1=1.102e+02 s_kw/s1=2.363e-02 fired=1 clipped_neg=132 clipped_pos=0 fired_frac_last250=1.000
# deflate it=1500 alpha=1.517e+01 theta=1.102e+01 clipped_neg=132 clipped_pos=0
  1500  1.7739e-01  1.9293e-03  1.9958e-02  1.7739e-01  +2.05605711e+03  +2.13981669e+03     44.87     66.096  132  0.000e+00  0.000e+00
  1525  2.0863e-01  1.8939e-03  1.9598e-02  2.0863e-01  +2.05465110e+03  +2.13681693e+03     44.93     67.223  130  0.000e+00  0.000e+00
  1550  1.7116e-01  1.8819e-03  1.9445e-02  1.7116e-01  +2.05353627e+03  +2.13500190e+03     45.71     68.352  128  0.000e+00  0.000e+00
  1575  2.2710e-01  1.8694e-03  1.9421e-02  2.2710e-01  +2.05231799e+03  +2.13363329e+03     44.52     69.480  128  0.000e+00  0.000e+00
  1600  1.6616e-01  1.8199e-03  1.9254e-02  1.6616e-01  +2.05091692e+03  +2.13146391e+03     44.59     70.606  127  0.000e+00  0.000e+00
  1625  2.1663e-01  1.8206e-03  1.9108e-02  2.1663e-01  +2.04979461e+03  +2.12967517e+03     45.15     71.734  125  0.000e+00  0.000e+00
  1650  1.5878e-01  1.8277e-03  1.9269e-02  1.5878e-01  +2.04861871e+03  +2.12913744e+03     45.50     72.860  123  0.000e+00  0.000e+00
  1675  1.6077e-01  1.8233e-03  1.9304e-02  1.6077e-01  +2.04754930e+03  +2.12817545e+03     44.97     73.984  122  0.000e+00  0.000e+00
  1700  1.6157e-01  1.7894e-03  1.9388e-02  1.6157e-01  +2.04632489e+03  +2.12726035e+03     45.12     75.108  121  0.000e+00  0.000e+00
  1725  2.1338e-01  1.7692e-03  1.9202e-02  2.1338e-01  +2.04535776e+03  +2.12546429e+03     44.53     76.232  121  0.000e+00  0.000e+00
# gate it=1750 k=350 kw=175 s1=1.198e+02 s_kw/s1=2.152e-02 fired=1 clipped_neg=121 clipped_pos=0 fired_frac_last250=1.000
# deflate it=1750 alpha=1.541e+01 theta=1.198e+01 clipped_neg=121 clipped_pos=0
  1750  1.6314e-01  1.7398e-03  1.8578e-02  1.6314e-01  +2.04415949e+03  +2.12156857e+03     44.74     77.356  121  0.000e+00  0.000e+00
  1775  2.0003e-01  1.7278e-03  1.8748e-02  2.0003e-01  +2.04316557e+03  +2.12125693e+03     46.25     78.486  120  0.000e+00  0.000e+00
  1800  1.5665e-01  1.7158e-03  1.8840e-02  1.5665e-01  +2.04226280e+03  +2.12071060e+03     45.15     79.612  119  0.000e+00  0.000e+00
  1825  1.7445e-01  1.7063e-03  1.8292e-02  1.7445e-01  +2.04108520e+03  +2.11716491e+03     44.73     80.738  118  0.000e+00  0.000e+00
  1850  1.5233e-01  1.6890e-03  1.8867e-02  1.5233e-01  +2.04004766e+03  +2.11852522e+03     45.07     81.862  118  0.000e+00  0.000e+00
  1875  1.5886e-01  1.6640e-03  1.8421e-02  1.5886e-01  +2.03918342e+03  +2.11573970e+03     44.82     82.989  117  0.000e+00  0.000e+00
  1900  1.6959e-01  1.6692e-03  1.8294e-02  1.6959e-01  +2.03826128e+03  +2.11424712e+03     44.95     84.115  115  0.000e+00  0.000e+00
  1925  1.9837e-01  1.6447e-03  1.8478e-02  1.9837e-01  +2.03704874e+03  +2.11376390e+03     45.35     85.240  115  0.000e+00  0.000e+00
  1950  1.5026e-01  1.6228e-03  1.8010e-02  1.5026e-01  +2.03612309e+03  +2.11082718e+03     45.26     86.364  114  0.000e+00  0.000e+00
  1975  1.4183e-01  1.5980e-03  1.8178e-02  1.4183e-01  +2.03538206e+03  +2.11077003e+03     44.90     87.492  113  0.000e+00  0.000e+00
# gate it=2000 k=350 kw=175 s1=1.288e+02 s_kw/s1=1.990e-02 fired=1 clipped_neg=112 clipped_pos=0 fired_frac_last250=1.000
# deflate it=2000 alpha=1.822e+01 theta=1.288e+01 clipped_neg=112 clipped_pos=0
  2000  1.4601e-01  1.5983e-03  1.7847e-02  1.4601e-01  +2.03431486e+03  +2.10826469e+03     45.89     88.618  112  0.000e+00  0.000e+00
  2025  1.8635e-01  1.5855e-03  1.7565e-02  1.8635e-01  +2.03347441e+03  +2.10620512e+03     45.88     89.748  111  0.000e+00  0.000e+00
  2050  1.4831e-01  1.5716e-03  1.7780e-02  1.4831e-01  +2.03270041e+03  +2.10630958e+03     45.41     90.872  111  0.000e+00  0.000e+00
  2075  1.9956e-01  1.5408e-03  1.7393e-02  1.9956e-01  +2.03170230e+03  +2.10364543e+03     45.30     91.999  110  0.000e+00  0.000e+00
  2100  1.4492e-01  1.5326e-03  1.7725e-02  1.4492e-01  +2.03099308e+03  +2.10430697e+03     45.66     93.129  110  0.000e+00  0.000e+00
  2125  1.3201e-01  1.5225e-03  1.7381e-02  1.3201e-01  +2.02993839e+03  +2.10176851e+03     44.78     94.255  110  0.000e+00  0.000e+00
  2150  1.3591e-01  1.4995e-03  1.7365e-02  1.3591e-01  +2.02924150e+03  +2.10097842e+03     45.60     95.378  109  0.000e+00  0.000e+00
  2175  1.7922e-01  1.5153e-03  1.6665e-02  1.7922e-01  +2.02853971e+03  +2.09731338e+03     44.59     96.502  107  0.000e+00  0.000e+00
  2200  1.3041e-01  1.4755e-03  1.6762e-02  1.3041e-01  +2.02768882e+03  +2.09684303e+03     44.89     97.629  106  0.000e+00  0.000e+00
  2225  1.8663e-01  1.4857e-03  1.6551e-02  1.8663e-01  +2.02708308e+03  +2.09532829e+03     44.86     98.758  105  0.000e+00  0.000e+00
# gate it=2250 k=350 kw=175 s1=1.372e+02 s_kw/s1=1.857e-02 fired=1 clipped_neg=105 clipped_pos=0 fired_frac_last250=1.000
# deflate it=2250 alpha=1.891e+01 theta=1.372e+01 clipped_neg=105 clipped_pos=0
  2250  1.5393e-01  1.4802e-03  1.6899e-02  1.5393e-01  +2.02646677e+03  +2.09615309e+03     45.91     99.886  105  0.000e+00  0.000e+00
  2275  1.7261e-01  1.4621e-03  1.6439e-02  1.7261e-01  +2.02556223e+03  +2.09329023e+03     44.35    101.011  105  0.000e+00  0.000e+00
  2300  1.7993e-01  1.4383e-03  1.6939e-02  1.7993e-01  +2.02500489e+03  +2.09480929e+03     44.58    102.140  104  0.000e+00  0.000e+00
  2325  1.8044e-01  1.4317e-03  1.6275e-02  1.8044e-01  +2.02421060e+03  +2.09120389e+03     44.82    103.266  104  0.000e+00  0.000e+00
  2350  1.2559e-01  1.4238e-03  1.6595e-02  1.2559e-01  +2.02350522e+03  +2.09181398e+03     46.26    104.398  103  0.000e+00  0.000e+00
  2375  1.9099e-01  1.4171e-03  1.6647e-02  1.9099e-01  +2.02298872e+03  +2.09149861e+03     45.19    105.528  103  0.000e+00  0.000e+00
  2400  1.3241e-01  1.4293e-03  1.6293e-02  1.3241e-01  +2.02228717e+03  +2.08929193e+03     44.73    106.652  100  0.000e+00  0.000e+00
  2425  1.3669e-01  1.4165e-03  1.6723e-02  1.3669e-01  +2.02121457e+03  +2.08998350e+03     44.64    107.782  100  0.000e+00  0.000e+00
  2450  1.2239e-01  1.3984e-03  1.6171e-02  1.2239e-01  +2.02089209e+03  +2.08734057e+03     45.49    108.908  100  0.000e+00  0.000e+00
  2475  1.2696e-01  1.3892e-03  1.6533e-02  1.2696e-01  +2.01998987e+03  +2.08792113e+03     45.76    110.040  100  0.000e+00  0.000e+00
# gate it=2500 k=350 kw=175 s1=1.452e+02 s_kw/s1=1.748e-02 fired=1 clipped_neg=99 clipped_pos=0 fired_frac_last250=1.000
# deflate it=2500 alpha=2.072e+01 theta=1.452e+01 clipped_neg=99 clipped_pos=0
  2500  1.2731e-01  1.3792e-03  1.6158e-02  1.2731e-01  +2.01943160e+03  +2.08578156e+03     44.84    111.167  99  0.000e+00  0.000e+00
  2525  1.2212e-01  1.3651e-03  1.6518e-02  1.2212e-01  +2.01893557e+03  +2.08676895e+03     44.57    112.292  99  0.000e+00  0.000e+00
  2550  1.1812e-01  1.3833e-03  1.6265e-02  1.1812e-01  +2.01816321e+03  +2.08491397e+03     46.23    113.420  98  0.000e+00  0.000e+00
  2575  1.8743e-01  1.3702e-03  1.6410e-02  1.8743e-01  +2.01755050e+03  +2.08488727e+03     44.89    114.544  97  0.000e+00  0.000e+00
  2600  1.1659e-01  1.3495e-03  1.6184e-02  1.1659e-01  +2.01700623e+03  +2.08338227e+03     44.79    115.676  97  0.000e+00  0.000e+00
  2625  1.1699e-01  1.3291e-03  1.5798e-02  1.1699e-01  +2.01634619e+03  +2.08109455e+03     44.39    116.807  97  0.000e+00  0.000e+00
  2650  1.2483e-01  1.3215e-03  1.5918e-02  1.2483e-01  +2.01578605e+03  +2.08101584e+03     44.91    117.934  96  0.000e+00  0.000e+00
  2675  1.4902e-01  1.3158e-03  1.5720e-02  1.4902e-01  +2.01525345e+03  +2.07963982e+03     45.16    119.062  95  0.000e+00  0.000e+00
  2700  1.1948e-01  1.3007e-03  1.5551e-02  1.1948e-01  +2.01468723e+03  +2.07835325e+03     45.37    120.192  95  0.000e+00  0.000e+00
  2725  1.2152e-01  1.3172e-03  1.5761e-02  1.2152e-01  +2.01409929e+03  +2.07861864e+03     44.67    121.320  95  0.000e+00  0.000e+00
# gate it=2750 k=350 kw=175 s1=1.530e+02 s_kw/s1=1.654e-02 fired=1 clipped_neg=95 clipped_pos=0 fired_frac_last250=1.000
# deflate it=2750 alpha=2.043e+01 theta=1.530e+01 clipped_neg=95 clipped_pos=0
  2750  1.6433e-01  1.3186e-03  1.5597e-02  1.6433e-01  +2.01364523e+03  +2.07747046e+03     45.10    122.445  95  0.000e+00  0.000e+00
  2775  1.4428e-01  1.2844e-03  1.5985e-02  1.4428e-01  +2.01300359e+03  +2.07842090e+03     45.32    123.572  94  0.000e+00  0.000e+00
  2800  1.6551e-01  1.2835e-03  1.5391e-02  1.6551e-01  +2.01242871e+03  +2.07535758e+03     45.21    124.701  94  0.000e+00  0.000e+00
  2825  1.1679e-01  1.2772e-03  1.5818e-02  1.1679e-01  +2.01182994e+03  +2.07651518e+03     44.62    125.824  94  0.000e+00  0.000e+00
  2850  1.1423e-01  1.2681e-03  1.5294e-02  1.1423e-01  +2.01124517e+03  +2.07373798e+03     45.78    126.948  93  0.000e+00  0.000e+00
  2875  1.5488e-01  1.2541e-03  1.5557e-02  1.5488e-01  +2.01077371e+03  +2.07433968e+03     44.55    128.073  92  0.000e+00  0.000e+00
  2900  1.6982e-01  1.2391e-03  1.5238e-02  1.6982e-01  +2.01040304e+03  +2.07263679e+03     45.12    129.195  92  0.000e+00  0.000e+00
  2925  1.0252e-01  1.2614e-03  1.5219e-02  1.0252e-01  +2.00952234e+03  +2.07164927e+03     44.56    130.319  91  0.000e+00  0.000e+00
  2950  1.5765e-01  1.2438e-03  1.5522e-02  1.5765e-01  +2.00900312e+03  +2.07236841e+03     44.76    131.446  90  0.000e+00  0.000e+00
  2975  1.0197e-01  1.2452e-03  1.4794e-02  1.0197e-01  +2.00865195e+03  +2.06899224e+03     45.93    132.572  90  0.000e+00  0.000e+00
# gate it=3000 k=350 kw=175 s1=1.604e+02 s_kw/s1=1.572e-02 fired=1 clipped_neg=90 clipped_pos=0 fired_frac_last250=1.000
# deflate it=3000 alpha=2.155e+01 theta=1.604e+01 clipped_neg=90 clipped_pos=0
  3000  1.0370e-01  1.2446e-03  1.5473e-02  1.0370e-01  +2.00820430e+03  +2.07134118e+03     44.68    133.698  90  0.000e+00  0.000e+00
  3025  1.0343e-01  1.2332e-03  1.5200e-02  1.0343e-01  +2.00793075e+03  +2.06993075e+03     46.23    134.820  90  0.000e+00  0.000e+00
  3050  1.0781e-01  1.2113e-03  1.5029e-02  1.0781e-01  +2.00730333e+03  +2.06857423e+03     52.21    135.956  89  0.000e+00  0.000e+00
  3075  1.0039e-01  1.2086e-03  1.5341e-02  1.0039e-01  +2.00663231e+03  +2.06917488e+03     45.38    137.080  89  0.000e+00  0.000e+00
  3100  1.2167e-01  1.1941e-03  1.5263e-02  1.2167e-01  +2.00614693e+03  +2.06835237e+03     44.45    138.205  89  0.000e+00  0.000e+00
  3125  1.3104e-01  1.2066e-03  1.4842e-02  1.3104e-01  +2.00600135e+03  +2.06646040e+03     46.38    139.329  88  0.000e+00  0.000e+00
  3150  1.5590e-01  1.2052e-03  1.4890e-02  1.5590e-01  +2.00560093e+03  +2.06624393e+03     44.58    140.455  87  0.000e+00  0.000e+00
  3175  1.1076e-01  1.1843e-03  1.4863e-02  1.1076e-01  +2.00508603e+03  +2.06560382e+03     44.86    141.581  86  0.000e+00  0.000e+00
  3200  1.0951e-01  1.1767e-03  1.4366e-02  1.0951e-01  +2.00457773e+03  +2.06302660e+03     44.71    142.707  86  0.000e+00  0.000e+00
  3225  1.0342e-01  1.1577e-03  1.4500e-02  1.0342e-01  +2.00393174e+03  +2.06291431e+03     44.76    143.832  86  0.000e+00  0.000e+00
# gate it=3250 k=350 kw=175 s1=1.675e+02 s_kw/s1=1.501e-02 fired=1 clipped_neg=85 clipped_pos=0 fired_frac_last250=1.000
# deflate it=3250 alpha=2.364e+01 theta=1.675e+01 clipped_neg=85 clipped_pos=0
  3250  1.5210e-01  1.1903e-03  1.4052e-02  1.5210e-01  +2.00369676e+03  +2.06082471e+03     44.83    144.960  85  0.000e+00  0.000e+00
  3275  1.1798e-01  1.1930e-03  1.4469e-02  1.1798e-01  +2.00344431e+03  +2.06228492e+03     45.08    146.091  85  0.000e+00  0.000e+00
  3300  1.1698e-01  1.1851e-03  1.4215e-02  1.1698e-01  +2.00305643e+03  +2.06083817e+03     45.20    147.215  84  0.000e+00  0.000e+00
  3325  9.6064e-02  1.1947e-03  1.4663e-02  9.6064e-02  +2.00247063e+03  +2.06208591e+03     44.59    148.340  84  0.000e+00  0.000e+00
  3350  1.3208e-01  1.1577e-03  1.4571e-02  1.3208e-01  +2.00206837e+03  +2.06128914e+03     44.99    149.467  83  0.000e+00  0.000e+00
  3375  9.8318e-02  1.1458e-03  1.4191e-02  9.8318e-02  +2.00156395e+03  +2.05920548e+03     45.64    150.595  83  0.000e+00  0.000e+00
  3400  1.5159e-01  1.1406e-03  1.4579e-02  1.5159e-01  +2.00127598e+03  +2.06050549e+03     44.29    151.718  83  0.000e+00  0.000e+00
  3425  1.7103e-01  1.1202e-03  1.3848e-02  1.7103e-01  +2.00097088e+03  +2.05718144e+03     45.16    152.840  83  0.000e+00  0.000e+00
  3450  1.6487e-01  1.1183e-03  1.4559e-02  1.6487e-01  +2.00004439e+03  +2.05915541e+03     45.15    153.966  83  0.000e+00  0.000e+00
  3475  1.6104e-01  1.1292e-03  1.3657e-02  1.6104e-01  +2.00018007e+03  +2.05558282e+03     44.63    155.092  82  0.000e+00  0.000e+00
# gate it=3500 k=350 kw=175 s1=1.743e+02 s_kw/s1=1.439e-02 fired=1 clipped_neg=81 clipped_pos=0 fired_frac_last250=1.000
# deflate it=3500 alpha=2.483e+01 theta=1.743e+01 clipped_neg=81 clipped_pos=0
  3500  1.6611e-01  1.1254e-03  1.4388e-02  1.6611e-01  +1.99943918e+03  +2.05782766e+03     45.43    156.217  81  0.000e+00  0.000e+00
  3525  1.6704e-01  1.1129e-03  1.4021e-02  1.6704e-01  +1.99911176e+03  +2.05598083e+03     44.67    157.337  81  0.000e+00  0.000e+00
  3550  9.0057e-02  1.0944e-03  1.3734e-02  9.0057e-02  +1.99869238e+03  +2.05437251e+03     44.77    158.459  81  0.000e+00  0.000e+00
  3575  9.3011e-02  1.1015e-03  1.4155e-02  9.3011e-02  +1.99840595e+03  +2.05580789e+03     45.16    159.581  81  0.000e+00  0.000e+00
  3600  1.3036e-01  1.0981e-03  1.4063e-02  1.3036e-01  +1.99782778e+03  +2.05483243e+03     44.92    160.712  81  0.000e+00  0.000e+00
  3625  1.1018e-01  1.0954e-03  1.4173e-02  1.1018e-01  +1.99762322e+03  +2.05507724e+03     45.05    161.837  80  0.000e+00  0.000e+00
  3650  1.1588e-01  1.0842e-03  1.4306e-02  1.1588e-01  +1.99734327e+03  +2.05533475e+03     44.59    162.962  80  0.000e+00  0.000e+00
  3675  1.7131e-01  1.0896e-03  1.3662e-02  1.7131e-01  +1.99679553e+03  +2.05212743e+03     45.81    164.087  80  0.000e+00  0.000e+00
  3700  1.6138e-01  1.0800e-03  1.4258e-02  1.6138e-01  +1.99650347e+03  +2.05427231e+03     44.67    165.212  80  0.000e+00  0.000e+00
  3725  1.3557e-01  1.0824e-03  1.3969e-02  1.3557e-01  +1.99605745e+03  +2.05262729e+03     44.86    166.337  79  0.000e+00  0.000e+00
# gate it=3750 k=350 kw=175 s1=1.809e+02 s_kw/s1=1.381e-02 fired=1 clipped_neg=79 clipped_pos=0 fired_frac_last250=1.000
# deflate it=3750 alpha=2.491e+01 theta=1.809e+01 clipped_neg=79 clipped_pos=0
  3750  1.6191e-01  1.0834e-03  1.3785e-02  1.6191e-01  +1.99574087e+03  +2.05154793e+03     45.41    167.463  79  0.000e+00  0.000e+00
  3775  9.1637e-02  1.0699e-03  1.3489e-02  9.1637e-02  +1.99558133e+03  +2.05016751e+03     44.54    168.589  79  0.000e+00  0.000e+00
  3800  9.2458e-02  1.0684e-03  1.3682e-02  9.2458e-02  +1.99519530e+03  +2.05056162e+03     45.55    169.712  79  0.000e+00  0.000e+00
  3825  1.6251e-01  1.0605e-03  1.3730e-02  1.6251e-01  +1.99508302e+03  +2.05064403e+03     45.81    170.841  78  0.000e+00  0.000e+00
  3850  1.7372e-01  1.0531e-03  1.3624e-02  1.7372e-01  +1.99449461e+03  +2.04960301e+03     44.48    171.966  77  0.000e+00  0.000e+00
  3875  1.6076e-01  1.0429e-03  1.3904e-02  1.6076e-01  +1.99402519e+03  +2.05027288e+03     44.67    173.095  77  0.000e+00  0.000e+00
  3900  1.4376e-01  1.0339e-03  1.3172e-02  1.4376e-01  +1.99387329e+03  +2.04711246e+03     45.55    174.220  77  0.000e+00  0.000e+00
  3925  1.7085e-01  1.0443e-03  1.3479e-02  1.7085e-01  +1.99334407e+03  +2.04782889e+03     44.55    175.346  77  0.000e+00  0.000e+00
  3950  8.8772e-02  1.0692e-03  1.3360e-02  8.8772e-02  +1.99300807e+03  +2.04699629e+03     44.85    176.471  77  0.000e+00  0.000e+00
  3975  9.6843e-02  1.0489e-03  1.3584e-02  9.6843e-02  +1.99281259e+03  +2.04771306e+03     45.15    177.594  76  0.000e+00  0.000e+00
# gate it=4000 k=350 kw=175 s1=1.873e+02 s_kw/s1=1.332e-02 fired=1 clipped_neg=76 clipped_pos=0 fired_frac_last250=1.000
# deflate it=4000 alpha=2.582e+01 theta=1.873e+01 clipped_neg=76 clipped_pos=0
  4000  1.3275e-01  1.0611e-03  1.3379e-02  1.3275e-01  +1.99245870e+03  +2.04651122e+03     44.69    178.718  76  0.000e+00  0.000e+00
  4025  1.3760e-01  1.0582e-03  1.3694e-02  1.3760e-01  +1.99221354e+03  +2.04754755e+03     45.31    179.847  76  0.000e+00  0.000e+00
  4050  1.0197e-01  1.0357e-03  1.3315e-02  1.0197e-01  +1.99190503e+03  +2.04567970e+03     45.85    180.976  76  0.000e+00  0.000e+00
  4075  8.9411e-02  1.0235e-03  1.3277e-02  8.9411e-02  +1.99152596e+03  +2.04513329e+03     44.46    182.099  76  0.000e+00  0.000e+00
  4100  1.6477e-01  1.0127e-03  1.3042e-02  1.6477e-01  +1.99122110e+03  +2.04385861e+03     44.96    183.222  76  0.000e+00  0.000e+00
  4125  1.0696e-01  1.0137e-03  1.3099e-02  1.0696e-01  +1.99086098e+03  +2.04372237e+03     44.34    184.347  76  0.000e+00  0.000e+00
  4150  9.1653e-02  1.0092e-03  1.2771e-02  9.1653e-02  +1.99068134e+03  +2.04219817e+03     44.75    185.474  76  0.000e+00  0.000e+00
  4175  9.3669e-02  1.0185e-03  1.2958e-02  9.3669e-02  +1.99028556e+03  +2.04255757e+03     45.12    186.598  75  0.000e+00  0.000e+00
  4200  8.6456e-02  9.8059e-04  1.3053e-02  8.6456e-02  +1.99002783e+03  +2.04268014e+03     44.57    187.723  75  0.000e+00  0.000e+00
  4225  9.1750e-02  9.7951e-04  1.2251e-02  9.1750e-02  +1.98970905e+03  +2.03907712e+03     45.72    188.848  75  0.000e+00  0.000e+00
# gate it=4250 k=350 kw=175 s1=1.935e+02 s_kw/s1=1.286e-02 fired=1 clipped_neg=75 clipped_pos=0 fired_frac_last250=1.000
# deflate it=4250 alpha=2.868e+01 theta=1.935e+01 clipped_neg=75 clipped_pos=0
  4250  1.0096e-01  9.8208e-04  1.3224e-02  1.0096e-01  +1.98953669e+03  +2.04287460e+03     44.98    189.971  75  0.000e+00  0.000e+00
  4275  8.8552e-02  9.7194e-04  1.2121e-02  8.8552e-02  +1.98929726e+03  +2.03812745e+03     44.70    191.095  75  0.000e+00  0.000e+00
  4300  9.9985e-02  9.6634e-04  1.2783e-02  9.9985e-02  +1.98881945e+03  +2.04033586e+03     44.69    192.221  75  0.000e+00  0.000e+00
  4325  1.0872e-01  1.0013e-03  1.2444e-02  1.0872e-01  +1.98884818e+03  +2.03898107e+03     44.48    193.343  74  0.000e+00  0.000e+00
  4350  1.5579e-01  9.5774e-04  1.1996e-02  1.5579e-01  +1.98823327e+03  +2.03652555e+03     45.36    194.465  74  0.000e+00  0.000e+00
  4375  1.1169e-01  9.6047e-04  1.2787e-02  1.1169e-01  +1.98817814e+03  +2.03969480e+03     46.06    195.596  73  0.000e+00  0.000e+00
  4400  1.7198e-01  9.6392e-04  1.2102e-02  1.7198e-01  +1.98778419e+03  +2.03649722e+03     44.74    196.722  73  0.000e+00  0.000e+00
  4425  1.6812e-01  9.6034e-04  1.2369e-02  1.6812e-01  +1.98760605e+03  +2.03740503e+03     45.08    197.846  73  0.000e+00  0.000e+00
  4450  1.6729e-01  9.6243e-04  1.2032e-02  1.6729e-01  +1.98730662e+03  +2.03572542e+03     44.71    198.972  73  0.000e+00  0.000e+00
  4475  1.3169e-01  9.4984e-04  1.2375e-02  1.3169e-01  +1.98706746e+03  +2.03687765e+03     44.63    200.099  73  0.000e+00  0.000e+00
# gate it=4500 k=350 kw=175 s1=1.994e+02 s_kw/s1=1.245e-02 fired=1 clipped_neg=72 clipped_pos=0 fired_frac_last250=1.000
# deflate it=4500 alpha=2.179e+01 theta=1.994e+01 clipped_neg=72 clipped_pos=0
  4500  1.6974e-01  9.4380e-04  1.2238e-02  1.6974e-01  +1.98684799e+03  +2.03609450e+03     45.76    201.228  72  0.000e+00  0.000e+00
  4525  1.4001e-01  9.6752e-04  1.2381e-02  1.4001e-01  +1.98646310e+03  +2.03628169e+03     45.16    202.350  72  0.000e+00  0.000e+00
  4550  1.2500e-01  9.6646e-04  1.2451e-02  1.2500e-01  +1.98626264e+03  +2.03636035e+03     45.10    203.479  72  0.000e+00  0.000e+00
  4575  1.2054e-01  9.5487e-04  1.2365e-02  1.2054e-01  +1.98607102e+03  +2.03581367e+03     44.86    204.603  72  0.000e+00  0.000e+00
  4600  8.4191e-02  9.4355e-04  1.2582e-02  8.4191e-02  +1.98562969e+03  +2.03624363e+03     45.89    205.731  72  0.000e+00  0.000e+00
  4625  9.9824e-02  9.4290e-04  1.1813e-02  9.9824e-02  +1.98565461e+03  +2.03314051e+03     45.05    206.856  72  0.000e+00  0.000e+00
  4650  9.6854e-02  9.1189e-04  1.1797e-02  9.6854e-02  +1.98534547e+03  +2.03276008e+03     45.45    207.983  71  0.000e+00  0.000e+00
  4675  1.1922e-01  9.3333e-04  1.2101e-02  1.1922e-01  +1.98504668e+03  +2.03369024e+03     44.56    209.107  71  0.000e+00  0.000e+00
  4700  9.6828e-02  9.2614e-04  1.1888e-02  9.6828e-02  +1.98481450e+03  +2.03258478e+03     44.64    210.230  71  0.000e+00  0.000e+00
  4725  1.0149e-01  9.4373e-04  1.2124e-02  1.0149e-01  +1.98459118e+03  +2.03331635e+03     44.71    211.350  70  0.000e+00  0.000e+00
# gate it=4750 k=350 kw=175 s1=2.052e+02 s_kw/s1=1.209e-02 fired=1 clipped_neg=70 clipped_pos=0 fired_frac_last250=1.000
# deflate it=4750 alpha=2.852e+01 theta=2.052e+01 clipped_neg=70 clipped_pos=0
  4750  1.2169e-01  9.3856e-04  1.2035e-02  1.2169e-01  +1.98427789e+03  +2.03263434e+03     44.89    212.477  70  0.000e+00  0.000e+00
  4775  1.0081e-01  9.1861e-04  1.2188e-02  1.0081e-01  +1.98401350e+03  +2.03298647e+03     45.54    213.601  70  0.000e+00  0.000e+00
  4800  1.6942e-01  9.7337e-04  1.2048e-02  1.6942e-01  +1.98380023e+03  +2.03219891e+03     44.66    214.725  70  0.000e+00  0.000e+00
  4825  1.5217e-01  9.7170e-04  1.1673e-02  1.5217e-01  +1.98360015e+03  +2.03046844e+03     45.21    215.848  70  0.000e+00  0.000e+00
  4850  1.0160e-01  9.5326e-04  1.2129e-02  1.0160e-01  +1.98341603e+03  +2.03213361e+03     44.35    216.976  70  0.000e+00  0.000e+00
  4875  1.0721e-01  9.2625e-04  1.1886e-02  1.0721e-01  +1.98320412e+03  +2.03092609e+03     44.79    218.097  70  0.000e+00  0.000e+00
  4900  1.0556e-01  9.6688e-04  1.1907e-02  1.0556e-01  +1.98295314e+03  +2.03075709e+03     44.92    219.220  69  0.000e+00  0.000e+00
  4925  1.2425e-01  9.2289e-04  1.1616e-02  1.2425e-01  +1.98271364e+03  +2.02932853e+03     44.57    220.346  69  0.000e+00  0.000e+00
  4950  1.0975e-01  9.3591e-04  1.1921e-02  1.0975e-01  +1.98240769e+03  +2.03025612e+03     45.68    221.474  68  0.000e+00  0.000e+00
  4975  1.8169e-01  9.0320e-04  1.1549e-02  1.8169e-01  +1.98227066e+03  +2.02860471e+03     45.18    222.603  68  0.000e+00  0.000e+00
# gate it=5000 k=350 kw=175 s1=2.108e+02 s_kw/s1=1.175e-02 fired=1 clipped_neg=68 clipped_pos=0 fired_frac_last250=1.000
# deflate it=5000 alpha=2.885e+01 theta=2.108e+01 clipped_neg=68 clipped_pos=0
  5000  1.1682e-01  9.0702e-04  1.1359e-02  1.1682e-01  +1.98194318e+03  +2.02749977e+03     44.76    223.730  68  0.000e+00  0.000e+00
  5025  1.4935e-01  9.3402e-04  1.1872e-02  1.4935e-01  +1.98190132e+03  +2.02953899e+03     46.02    224.857  68  0.000e+00  0.000e+00
  5050  9.2055e-02  9.1316e-04  1.1328e-02  9.2055e-02  +1.98154858e+03  +2.02696688e+03     44.34    225.979  68  0.000e+00  0.000e+00
  5075  1.0851e-01  8.9756e-04  1.1815e-02  1.0851e-01  +1.98146334e+03  +2.02885665e+03     44.77    227.100  68  0.000e+00  0.000e+00
  5100  1.7804e-01  9.0903e-04  1.1043e-02  1.7804e-01  +1.98113033e+03  +2.02538411e+03     45.90    228.226  67  0.000e+00  0.000e+00
  5125  1.0839e-01  9.4269e-04  1.1687e-02  1.0839e-01  +1.98090233e+03  +2.02776516e+03     45.08    229.347  67  0.000e+00  0.000e+00
  5150  1.7350e-01  8.8606e-04  1.1423e-02  1.7350e-01  +1.98078498e+03  +2.02657171e+03     44.13    230.476  67  0.000e+00  0.000e+00
  5175  1.6278e-01  8.9874e-04  1.1445e-02  1.6278e-01  +1.98048770e+03  +2.02635576e+03     45.25    231.602  67  0.000e+00  0.000e+00
  5200  1.4099e-01  9.0264e-04  1.1742e-02  1.4099e-01  +1.98028047e+03  +2.02735147e+03     44.57    232.727  66  0.000e+00  0.000e+00
  5225  1.6513e-01  9.0044e-04  1.1336e-02  1.6513e-01  +1.98008684e+03  +2.02550740e+03     45.87    233.850  66  0.000e+00  0.000e+00
# gate it=5250 k=350 kw=175 s1=2.163e+02 s_kw/s1=1.144e-02 fired=1 clipped_neg=66 clipped_pos=0 fired_frac_last250=1.000
# deflate it=5250 alpha=2.268e+01 theta=2.163e+01 clipped_neg=66 clipped_pos=0
  5250  8.9052e-02  9.2393e-04  1.1794e-02  8.9052e-02  +1.97986147e+03  +2.02713327e+03     45.61    234.980  66  0.000e+00  0.000e+00
  5275  1.6518e-01  9.1706e-04  1.1147e-02  1.6518e-01  +1.97973025e+03  +2.02437618e+03     44.37    236.107  66  0.000e+00  0.000e+00
  5300  1.3078e-01  8.8643e-04  1.0800e-02  1.3078e-01  +1.97952501e+03  +2.02276200e+03     44.63    237.228  66  0.000e+00  0.000e+00
  5325  1.0298e-01  8.9415e-04  1.1281e-02  1.0298e-01  +1.97936291e+03  +2.02454214e+03     44.62    238.354  66  0.000e+00  0.000e+00
  5350  1.0437e-01  8.8341e-04  1.1027e-02  1.0437e-01  +1.97916327e+03  +2.02331048e+03     45.13    239.479  65  0.000e+00  0.000e+00
  5375  8.8969e-02  8.9146e-04  1.1129e-02  8.8969e-02  +1.97893232e+03  +2.02348831e+03     45.51    240.607  65  0.000e+00  0.000e+00
  5400  1.1136e-01  8.8533e-04  1.1265e-02  1.1136e-01  +1.97875106e+03  +2.02384971e+03     44.59    241.732  65  0.000e+00  0.000e+00
  5425  1.5985e-01  9.0594e-04  1.1061e-02  1.5985e-01  +1.97843427e+03  +2.02270030e+03     44.83    242.860  64  0.000e+00  0.000e+00
  5450  1.0292e-01  8.9884e-04  1.1344e-02  1.0292e-01  +1.97834956e+03  +2.02376020e+03     45.25    243.983  64  0.000e+00  0.000e+00
  5475  1.6253e-01  8.9374e-04  1.1276e-02  1.6253e-01  +1.97813796e+03  +2.02326769e+03     44.61    245.107  64  0.000e+00  0.000e+00
# gate it=5500 k=350 kw=175 s1=2.216e+02 s_kw/s1=1.115e-02 fired=1 clipped_neg=64 clipped_pos=0 fired_frac_last250=1.000
# deflate it=5500 alpha=3.016e+01 theta=2.216e+01 clipped_neg=64 clipped_pos=0
  5500  1.0104e-01  8.8529e-04  1.1248e-02  1.0104e-01  +1.97800372e+03  +2.02301671e+03     46.45    246.231  64  0.000e+00  0.000e+00
  5525  9.9124e-02  8.8631e-04  1.1515e-02  9.9124e-02  +1.97778954e+03  +2.02387848e+03     44.63    247.355  64  0.000e+00  0.000e+00
  5550  1.1415e-01  8.9973e-04  1.0978e-02  1.1415e-01  +1.97755174e+03  +2.02146553e+03     45.27    248.478  64  0.000e+00  0.000e+00
  5575  1.8651e-01  8.7439e-04  1.0968e-02  1.8651e-01  +1.97733370e+03  +2.02120235e+03     44.56    249.610  64  0.000e+00  0.000e+00
  5600  1.1136e-01  8.7120e-04  1.1357e-02  1.1136e-01  +1.97712765e+03  +2.02256381e+03     46.13    250.738  64  0.000e+00  0.000e+00
  5625  1.0219e-01  8.8469e-04  1.0860e-02  1.0219e-01  +1.97698538e+03  +2.02040854e+03     45.25    251.873  64  0.000e+00  0.000e+00
  5650  9.9509e-02  8.5517e-04  1.1387e-02  9.9509e-02  +1.97685392e+03  +2.02240569e+03     44.53    252.998  64  0.000e+00  0.000e+00
  5675  8.0806e-02  8.7650e-04  1.1207e-02  8.0806e-02  +1.97657899e+03  +2.02139538e+03     44.55    254.125  64  0.000e+00  0.000e+00
  5700  8.4797e-02  8.5291e-04  1.1167e-02  8.4797e-02  +1.97639637e+03  +2.02104839e+03     45.68    255.249  64  0.000e+00  0.000e+00
  5725  1.4908e-01  9.8550e-04  1.1472e-02  1.4908e-01  +1.97623831e+03  +2.02211859e+03     44.88    256.370  63  0.000e+00  0.000e+00
# gate it=5750 k=350 kw=175 s1=2.268e+02 s_kw/s1=1.089e-02 fired=1 clipped_neg=63 clipped_pos=0 fired_frac_last250=1.000
# deflate it=5750 alpha=3.148e+01 theta=2.268e+01 clipped_neg=63 clipped_pos=0
  5750  8.9214e-02  8.6334e-04  1.0547e-02  8.9214e-02  +1.97610061e+03  +2.01823907e+03     45.38    257.497  63  0.000e+00  0.000e+00
  5775  8.4890e-02  8.5739e-04  1.1248e-02  8.4890e-02  +1.97577009e+03  +2.02073582e+03     44.65    258.625  63  0.000e+00  0.000e+00
  5800  1.2601e-01  8.8106e-04  1.1026e-02  1.2601e-01  +1.97581250e+03  +2.01988186e+03     44.64    259.748  63  0.000e+00  0.000e+00
  5825  1.6154e-01  8.5015e-04  1.0905e-02  1.6154e-01  +1.97557736e+03  +2.01914938e+03     46.00    260.873  62  0.000e+00  0.000e+00
  5850  7.7440e-02  8.7532e-04  1.1429e-02  7.7440e-02  +1.97534378e+03  +2.02102899e+03     44.52    261.998  62  0.000e+00  0.000e+00
  5875  1.3093e-01  9.0737e-04  1.0884e-02  1.3093e-01  +1.97514401e+03  +2.01862170e+03     44.55    263.127  62  0.000e+00  0.000e+00
  5900  1.4923e-01  9.0662e-04  1.1394e-02  1.4923e-01  +1.97492268e+03  +2.02045651e+03     45.01    264.251  62  0.000e+00  0.000e+00
  5925  1.4564e-01  8.8332e-04  1.1101e-02  1.4564e-01  +1.97482458e+03  +2.01917228e+03     44.39    265.376  62  0.000e+00  0.000e+00
  5950  1.1263e-01  8.5228e-04  1.0515e-02  1.1263e-01  +1.97462940e+03  +2.01660604e+03     45.53    266.506  62  0.000e+00  0.000e+00
  5975  1.8592e-01  8.5917e-04  1.1379e-02  1.8592e-01  +1.97450964e+03  +2.01997396e+03     45.58    267.629  62  0.000e+00  0.000e+00
# gate it=6000 k=350 kw=175 s1=2.319e+02 s_kw/s1=1.065e-02 fired=1 clipped_neg=62 clipped_pos=0 fired_frac_last250=1.000
# deflate it=6000 alpha=2.434e+01 theta=2.319e+01 clipped_neg=62 clipped_pos=0
  6000  1.7499e-01  8.4064e-04  1.0653e-02  1.7499e-01  +1.97441958e+03  +2.01694904e+03     44.63    268.755  62  0.000e+00  0.000e+00
  6025  9.2579e-02  8.8828e-04  1.1237e-02  9.2579e-02  +1.97399326e+03  +2.01887400e+03     44.83    269.883  62  0.000e+00  0.000e+00
  6050  7.7011e-02  8.9150e-04  1.1037e-02  7.7011e-02  +1.97397849e+03  +2.01804858e+03     44.70    271.013  62  0.000e+00  0.000e+00
  6075  7.5619e-02  8.3251e-04  1.1016e-02  7.5619e-02  +1.97379065e+03  +2.01777401e+03     46.27    272.138  61  0.000e+00  0.000e+00
  6100  1.5127e-01  8.5338e-04  1.1318e-02  1.5127e-01  +1.97342034e+03  +2.01861178e+03     44.86    273.265  61  0.000e+00  0.000e+00
  6125  1.5666e-01  8.4457e-04  1.0431e-02  1.5666e-01  +1.97325911e+03  +2.01486950e+03     43.89    274.387  61  0.000e+00  0.000e+00
  6150  1.5745e-01  8.6112e-04  1.1057e-02  1.5745e-01  +1.97323962e+03  +2.01737436e+03     44.29    275.509  61  0.000e+00  0.000e+00
  6175  7.5081e-02  8.2946e-04  1.0937e-02  7.5081e-02  +1.97299572e+03  +2.01664071e+03     44.93    276.637  61  0.000e+00  0.000e+00
  6200  1.7230e-01  8.2130e-04  1.0447e-02  1.7230e-01  +1.97293913e+03  +2.01460625e+03     45.10    277.761  61  0.000e+00  0.000e+00
  6225  1.7326e-01  9.4227e-04  1.0603e-02  1.7326e-01  +1.97275833e+03  +2.01505324e+03     44.77    278.885  61  0.000e+00  0.000e+00
# gate it=6250 k=350 kw=175 s1=2.369e+02 s_kw/s1=1.040e-02 fired=1 clipped_neg=61 clipped_pos=0 fired_frac_last250=1.000
# deflate it=6250 alpha=2.765e+01 theta=2.369e+01 clipped_neg=61 clipped_pos=0
  6250  9.8052e-02  8.1656e-04  1.0750e-02  9.8052e-02  +1.97244116e+03  +2.01531900e+03     44.61    280.016  61  0.000e+00  0.000e+00
  6275  6.8050e-02  7.9967e-04  1.0559e-02  6.8050e-02  +1.97237180e+03  +2.01448135e+03     44.84    281.144  60  0.000e+00  0.000e+00
  6300  9.9736e-02  8.4080e-04  1.0681e-02  9.9736e-02  +1.97239810e+03  +2.01499633e+03     45.23    282.271  60  0.000e+00  0.000e+00
  6325  6.8759e-02  8.0132e-04  1.0736e-02  6.8759e-02  +1.97208033e+03  +2.01489565e+03     44.63    283.391  60  0.000e+00  0.000e+00
  6350  1.7585e-01  8.6679e-04  1.0670e-02  1.7585e-01  +1.97204786e+03  +2.01459767e+03     44.63    284.510  60  0.000e+00  0.000e+00
  6375  8.8417e-02  8.1780e-04  1.0260e-02  8.8417e-02  +1.97191742e+03  +2.01281090e+03     45.11    285.635  60  0.000e+00  0.000e+00
  6400  1.2892e-01  8.0163e-04  1.0357e-02  1.2892e-01  +1.97176814e+03  +2.01305096e+03     45.43    286.764  60  0.000e+00  0.000e+00
  6425  1.1911e-01  8.2229e-04  1.0623e-02  1.1911e-01  +1.97142881e+03  +2.01377404e+03     45.18    287.883  59  0.000e+00  0.000e+00
  6450  6.3534e-02  8.2211e-04  1.0425e-02  6.3534e-02  +1.97126860e+03  +2.01281247e+03     45.03    289.003  59  0.000e+00  0.000e+00
  6475  7.7058e-02  8.2131e-04  1.0504e-02  7.7058e-02  +1.97121919e+03  +2.01308084e+03     44.64    290.124  59  0.000e+00  0.000e+00
# gate it=6500 k=350 kw=175 s1=2.418e+02 s_kw/s1=1.019e-02 fired=1 clipped_neg=59 clipped_pos=0 fired_frac_last250=1.000
# deflate it=6500 alpha=2.903e+01 theta=2.418e+01 clipped_neg=59 clipped_pos=0
  6500  8.2202e-02  8.6481e-04  1.0662e-02  8.2202e-02  +1.97113846e+03  +2.01363551e+03     44.65    291.252  59  0.000e+00  0.000e+00
  6525  8.3017e-02  8.6528e-04  1.0364e-02  8.3017e-02  +1.97094933e+03  +2.01223980e+03     45.09    292.378  59  0.000e+00  0.000e+00
  6550  1.4523e-01  8.0427e-04  1.0774e-02  1.4523e-01  +1.97073977e+03  +2.01368024e+03     45.04    293.504  59  0.000e+00  0.000e+00
  6575  1.6627e-01  7.9410e-04  1.0654e-02  1.6627e-01  +1.97048415e+03  +2.01293259e+03     44.90    294.628  59  0.000e+00  0.000e+00
  6600  6.6612e-02  8.3244e-04  1.0559e-02  6.6612e-02  +1.97035329e+03  +2.01241845e+03     44.75    295.754  59  0.000e+00  0.000e+00
  6625  1.3655e-01  8.7767e-04  1.0534e-02  1.3655e-01  +1.97006979e+03  +2.01202854e+03     45.08    296.880  59  0.000e+00  0.000e+00
  6650  1.6463e-01  7.9053e-04  1.0105e-02  1.6463e-01  +1.97019532e+03  +2.01042909e+03     44.95    298.004  59  0.000e+00  0.000e+00
  6675  1.1731e-01  7.9600e-04  1.0699e-02  1.1731e-01  +1.96987719e+03  +2.01249641e+03     44.35    299.129  59  0.000e+00  0.000e+00
  6700  7.6651e-02  7.9521e-04  1.0222e-02  7.6651e-02  +1.96988463e+03  +2.01058321e+03     45.52    300.259  59  0.000e+00  0.000e+00
  6725  5.8804e-02  8.1962e-04  1.0578e-02  5.8804e-02  +1.96955713e+03  +2.01167949e+03     45.23    301.384  58  0.000e+00  0.000e+00
# gate it=6750 k=350 kw=175 s1=2.466e+02 s_kw/s1=9.976e-03 fired=1 clipped_neg=58 clipped_pos=0 fired_frac_last250=1.000
# deflate it=6750 alpha=3.804e+01 theta=2.466e+01 clipped_neg=58 clipped_pos=0
  6750  7.6895e-02  7.7835e-04  1.0521e-02  7.6895e-02  +1.96954555e+03  +2.01144121e+03     44.70    302.511  58  0.000e+00  0.000e+00
  6775  7.3760e-02  7.9170e-04  9.7283e-03  7.3760e-02  +1.96940505e+03  +2.00810942e+03     44.86    303.632  58  0.000e+00  0.000e+00
  6800  1.0101e-01  7.9768e-04  1.0477e-02  1.0101e-01  +1.96906837e+03  +2.01077372e+03     44.76    304.754  58  0.000e+00  0.000e+00
  6825  7.5634e-02  7.8981e-04  1.0202e-02  7.5634e-02  +1.96921624e+03  +2.00982169e+03     45.97    305.879  58  0.000e+00  0.000e+00
  6850  7.7654e-02  8.1568e-04  1.0075e-02  7.7654e-02  +1.96901403e+03  +2.00910540e+03     44.33    307.005  58  0.000e+00  0.000e+00
  6875  7.8607e-02  7.8022e-04  9.8587e-03  7.8607e-02  +1.96886125e+03  +2.00807855e+03     45.30    308.125  58  0.000e+00  0.000e+00
  6900  1.4384e-01  7.8030e-04  9.8131e-03  1.4384e-01  +1.96882856e+03  +2.00786206e+03     45.76    309.248  58  0.000e+00  0.000e+00
  6925  8.0885e-02  8.3506e-04  1.0249e-02  8.0885e-02  +1.96851850e+03  +2.00929788e+03     44.71    310.377  57  0.000e+00  0.000e+00
  6950  5.6126e-02  7.7652e-04  9.8211e-03  5.6126e-02  +1.96834653e+03  +2.00740269e+03     44.78    311.501  57  0.000e+00  0.000e+00
  6975  5.3591e-02  7.8091e-04  1.0111e-02  5.3591e-02  +1.96814452e+03  +2.00836216e+03     44.53    312.622  57  0.000e+00  0.000e+00
# gate it=7000 k=350 kw=175 s1=2.512e+02 s_kw/s1=9.787e-03 fired=1 clipped_neg=57 clipped_pos=0 fired_frac_last250=1.000
# deflate it=7000 alpha=2.951e+01 theta=2.512e+01 clipped_neg=57 clipped_pos=0
  7000  3.8701e-02  8.1249e-04  1.0212e-02  3.8701e-02  +1.96798861e+03  +2.00860614e+03     45.30    313.744  57  0.000e+00  0.000e+00
  7025  5.6698e-02  8.5288e-04  9.2865e-03  5.6698e-02  +1.96795338e+03  +2.00485598e+03     45.34    314.871  57  0.000e+00  0.000e+00
  7050  5.0432e-02  7.7895e-04  9.9234e-03  5.0432e-02  +1.96774957e+03  +2.00720460e+03     45.38    315.993  57  0.000e+00  0.000e+00
  7075  7.9305e-02  8.3545e-04  9.9144e-03  7.9305e-02  +1.96782977e+03  +2.00725003e+03     44.74    317.117  57  0.000e+00  0.000e+00
  7100  6.7836e-02  7.4951e-04  9.5337e-03  6.7836e-02  +1.96762541e+03  +2.00551375e+03     45.30    318.241  57  0.000e+00  0.000e+00
  7125  6.4850e-02  7.7035e-04  1.0127e-02  6.4850e-02  +1.96731514e+03  +2.00757990e+03     45.01    319.369  56  0.000e+00  0.000e+00
  7150  6.0536e-02  7.9267e-04  9.7832e-03  6.0536e-02  +1.96739254e+03  +2.00627734e+03     44.54    320.491  56  0.000e+00  0.000e+00
  7175  9.2595e-02  8.0634e-04  9.6676e-03  9.2595e-02  +1.96711401e+03  +2.00552951e+03     45.00    321.620  56  0.000e+00  0.000e+00
  7200  3.6923e-02  7.5975e-04  1.0155e-02  3.6923e-02  +1.96690555e+03  +2.00727443e+03     45.10    322.751  56  0.000e+00  0.000e+00
  7225  5.8253e-02  8.0789e-04  9.1340e-03  5.8253e-02  +1.96708531e+03  +2.00336041e+03     45.13    323.875  56  0.000e+00  0.000e+00
# gate it=7250 k=350 kw=175 s1=2.557e+02 s_kw/s1=9.618e-03 fired=1 clipped_neg=56 clipped_pos=0 fired_frac_last250=1.000
# deflate it=7250 alpha=3.787e+01 theta=2.557e+01 clipped_neg=56 clipped_pos=0
  7250  4.2772e-02  7.4453e-04  9.7196e-03  4.2772e-02  +1.96669425e+03  +2.00531038e+03     44.39    325.006  56  0.000e+00  0.000e+00
  7275  6.9431e-02  7.5246e-04  9.7524e-03  6.9431e-02  +1.96679277e+03  +2.00554232e+03     46.48    326.130  56  0.000e+00  0.000e+00
  7300  4.1307e-02  7.6908e-04  9.3887e-03  4.1307e-02  +1.96641314e+03  +2.00369671e+03     45.21    327.259  56  0.000e+00  0.000e+00
  7325  4.8284e-02  7.5629e-04  9.8613e-03  4.8284e-02  +1.96647467e+03  +2.00565508e+03     44.33    328.385  56  0.000e+00  0.000e+00
  7350  1.5429e-01  8.0271e-04  9.6682e-03  1.5429e-01  +1.96633517e+03  +2.00473778e+03     44.68    329.512  56  0.000e+00  0.000e+00
  7375  3.6585e-02  7.4498e-04  9.6372e-03  3.6585e-02  +1.96619684e+03  +2.00447269e+03     45.18    330.641  56  0.000e+00  0.000e+00
  7400  1.4005e-01  7.5650e-04  9.8648e-03  1.4005e-01  +1.96615687e+03  +2.00534473e+03     45.57    331.768  56  0.000e+00  0.000e+00
  7425  1.1731e-01  7.4687e-04  9.6817e-03  1.1731e-01  +1.96590177e+03  +2.00435007e+03     44.45    332.892  56  0.000e+00  0.000e+00
  7450  4.5548e-02  7.6775e-04  9.7370e-03  4.5548e-02  +1.96579976e+03  +2.00446818e+03     44.96    334.018  56  0.000e+00  0.000e+00
  7475  5.3654e-02  7.5345e-04  9.9293e-03  5.3654e-02  +1.96562847e+03  +2.00506452e+03     44.83    335.142  56  0.000e+00  0.000e+00
# gate it=7500 k=350 kw=175 s1=2.602e+02 s_kw/s1=9.450e-03 fired=1 clipped_neg=55 clipped_pos=0 fired_frac_last250=1.000
# deflate it=7500 alpha=3.400e+01 theta=2.602e+01 clipped_neg=55 clipped_pos=0
  7500  3.3233e-02  7.8570e-04  9.8647e-03  3.3233e-02  +1.96542190e+03  +2.00459491e+03     44.42    336.271  55  0.000e+00  0.000e+00
  7525  5.3403e-02  7.7114e-04  9.6872e-03  5.3403e-02  +1.96541654e+03  +2.00387773e+03     45.10    337.398  55  0.000e+00  0.000e+00
  7550  4.2916e-02  7.5543e-04  9.9719e-03  4.2916e-02  +1.96524408e+03  +2.00484324e+03     45.31    338.524  55  0.000e+00  0.000e+00
  7575  1.2318e-01  7.9739e-04  9.7808e-03  1.2318e-01  +1.96524751e+03  +2.00408046e+03     44.48    339.646  55  0.000e+00  0.000e+00
  7600  1.4869e-01  7.4526e-04  9.8425e-03  1.4869e-01  +1.96507053e+03  +2.00414738e+03     44.91    340.771  55  0.000e+00  0.000e+00
  7625  5.2664e-02  7.6075e-04  1.0126e-02  5.2664e-02  +1.96496669e+03  +2.00517721e+03     44.55    341.893  55  0.000e+00  0.000e+00
  7650  3.4673e-02  7.2547e-04  9.1780e-03  3.4673e-02  +1.96480323e+03  +2.00121236e+03     44.85    343.021  55  0.000e+00  0.000e+00
  7675  4.2517e-02  7.5729e-04  9.7484e-03  4.2517e-02  +1.96467522e+03  +2.00336699e+03     45.68    344.150  55  0.000e+00  0.000e+00
  7700  3.2392e-02  7.5153e-04  9.6680e-03  3.2392e-02  +1.96463207e+03  +2.00300063e+03     44.26    345.278  55  0.000e+00  0.000e+00
  7725  1.3378e-01  7.3329e-04  9.4331e-03  1.3378e-01  +1.96453556e+03  +2.00196125e+03     44.54    346.403  55  0.000e+00  0.000e+00
# gate it=7750 k=350 kw=175 s1=2.646e+02 s_kw/s1=9.293e-03 fired=1 clipped_neg=55 clipped_pos=0 fired_frac_last250=1.000
# deflate it=7750 alpha=3.277e+01 theta=2.646e+01 clipped_neg=55 clipped_pos=0
  7750  1.2125e-01  7.4127e-04  9.2151e-03  1.2125e-01  +1.96430268e+03  +2.00085108e+03     45.16    347.529  55  0.000e+00  0.000e+00
  7775  6.4921e-02  7.3002e-04  9.4626e-03  6.4921e-02  +1.96421403e+03  +2.00175185e+03     45.04    348.654  55  0.000e+00  0.000e+00
  7800  1.4534e-01  7.1494e-04  9.3875e-03  1.4534e-01  +1.96409587e+03  +2.00133064e+03     45.00    349.781  55  0.000e+00  0.000e+00
  7825  9.1221e-02  7.3489e-04  9.3825e-03  9.1221e-02  +1.96399439e+03  +2.00120742e+03     44.81    350.911  55  0.000e+00  0.000e+00
  7850  3.9690e-02  8.0152e-04  9.5671e-03  3.9690e-02  +1.96391876e+03  +2.00186960e+03     46.93    352.041  54  0.000e+00  0.000e+00
  7875  1.0583e-01  7.4195e-04  9.2961e-03  1.0583e-01  +1.96375700e+03  +2.00061957e+03     44.77    353.163  54  0.000e+00  0.000e+00
  7900  1.3063e-01  7.4562e-04  9.4436e-03  1.3063e-01  +1.96363010e+03  +2.00108061e+03     44.91    354.289  54  0.000e+00  0.000e+00
  7925  3.7213e-02  7.4213e-04  9.5416e-03  3.7213e-02  +1.96361916e+03  +2.00146188e+03     45.19    355.413  54  0.000e+00  0.000e+00
  7950  1.3529e-02  7.4823e-04  9.3583e-03  1.3529e-02  +1.96341452e+03  +2.00051967e+03     45.86    356.544  53  0.000e+00  0.000e+00
  7975  2.7535e-02  7.6323e-04  9.5647e-03  2.7535e-02  +1.96329935e+03  +2.00122854e+03     44.36    357.668  53  0.000e+00  0.000e+00
# gate it=8000 k=350 kw=175 s1=2.689e+02 s_kw/s1=9.133e-03 fired=1 clipped_neg=53 clipped_pos=0 fired_frac_last250=1.000
# deflate it=8000 alpha=4.118e+01 theta=2.689e+01 clipped_neg=53 clipped_pos=0
  8000  1.3628e-01  7.6239e-04  9.5462e-03  1.3628e-01  +1.96325177e+03  +2.00110600e+03     45.66    358.792  53  0.000e+00  0.000e+00
  8025  1.4843e-01  7.5129e-04  9.3552e-03  1.4843e-01  +1.96316131e+03  +2.00024899e+03     45.12    359.912  53  0.000e+00  0.000e+00
  8050  1.2300e-01  7.6723e-04  9.2632e-03  1.2300e-01  +1.96287708e+03  +1.99959164e+03     47.39    361.040  53  0.000e+00  0.000e+00
  8075  1.2023e-01  7.3712e-04  8.9374e-03  1.2023e-01  +1.96279372e+03  +1.99820382e+03     44.43    362.162  53  0.000e+00  0.000e+00
  8100  3.7298e-02  7.5389e-04  9.5690e-03  3.7298e-02  +1.96272290e+03  +2.00065796e+03     45.09    363.287  53  0.000e+00  0.000e+00
  8125  1.2796e-02  7.7380e-04  9.1039e-03  1.2796e-02  +1.96263670e+03  +1.99870952e+03     44.65    364.413  53  0.000e+00  0.000e+00
  8150  1.0693e-02  7.3502e-04  9.1950e-03  1.0693e-02  +1.96243757e+03  +1.99887086e+03     44.45    365.535  53  0.000e+00  0.000e+00
  8175  1.3219e-02  7.3291e-04  9.5446e-03  1.3219e-02  +1.96245698e+03  +2.00028954e+03     45.67    366.659  53  0.000e+00  0.000e+00
  8200  2.0081e-02  7.3935e-04  8.4900e-03  2.0081e-02  +1.96228737e+03  +1.99590088e+03     44.97    367.785  53  0.000e+00  0.000e+00
  8225  4.7334e-02  7.2375e-04  9.1103e-03  4.7334e-02  +1.96224579e+03  +1.99833685e+03     45.13    368.906  53  0.000e+00  0.000e+00
# gate it=8250 k=350 kw=175 s1=2.730e+02 s_kw/s1=8.995e-03 fired=1 clipped_neg=53 clipped_pos=0 fired_frac_last250=1.000
# deflate it=8250 alpha=2.971e+01 theta=2.730e+01 clipped_neg=53 clipped_pos=0
  8250  1.2898e-02  7.3933e-04  9.1931e-03  1.2898e-02  +1.96217273e+03  +1.99859345e+03     44.95    370.025  53  0.000e+00  0.000e+00
  8275  1.2689e-01  7.3374e-04  8.6834e-03  1.2689e-01  +1.96201889e+03  +1.99640019e+03     45.11    371.154  53  0.000e+00  0.000e+00
  8300  5.7178e-02  7.1484e-04  9.2492e-03  5.7178e-02  +1.96192055e+03  +1.99856098e+03     44.50    372.282  53  0.000e+00  0.000e+00
  8325  1.2974e-01  7.4229e-04  9.0312e-03  1.2974e-01  +1.96185527e+03  +1.99762310e+03     45.57    373.414  53  0.000e+00  0.000e+00
  8350  4.1976e-02  7.6130e-04  8.9238e-03  4.1976e-02  +1.96177759e+03  +1.99711496e+03     45.49    374.540  53  0.000e+00  0.000e+00
  8375  1.0301e-01  7.3806e-04  9.2682e-03  1.0301e-01  +1.96173218e+03  +1.99844511e+03     44.77    375.668  52  0.000e+00  0.000e+00
  8400  6.3836e-02  7.3149e-04  9.1510e-03  6.3836e-02  +1.96148164e+03  +1.99772133e+03     44.82    376.790  52  0.000e+00  0.000e+00
  8425  7.7565e-02  7.1133e-04  8.9945e-03  7.7565e-02  +1.96157072e+03  +1.99718675e+03     44.64    377.914  52  0.000e+00  0.000e+00
  8450  3.1124e-03  7.1283e-04  9.2820e-03  9.2820e-03  +1.96128016e+03  +1.99803989e+03     46.56    379.041  52  0.000e+00  0.000e+00
  8475  9.1583e-03  7.1677e-04  9.0986e-03  9.1583e-03  +1.96104867e+03  +1.99707108e+03     45.21    380.169  52  0.000e+00  0.000e+00
# gate it=8500 k=350 kw=175 s1=2.772e+02 s_kw/s1=8.850e-03 fired=1 clipped_neg=52 clipped_pos=0 fired_frac_last250=1.000
# deflate it=8500 alpha=3.770e+01 theta=2.772e+01 clipped_neg=52 clipped_pos=0
  8500  2.7853e-03  7.1598e-04  9.1900e-03  9.1900e-03  +1.96096717e+03  +1.99735344e+03     44.70    381.293  52  0.000e+00  0.000e+00
  8525  1.9360e-02  7.7280e-04  9.3808e-03  1.9360e-02  +1.96099177e+03  +1.99814084e+03     44.81    382.417  52  0.000e+00  0.000e+00
  8550  3.5209e-02  8.0333e-04  8.5239e-03  3.5209e-02  +1.96099331e+03  +1.99472009e+03     44.95    383.545  51  0.000e+00  0.000e+00
  8575  3.2124e-02  7.1121e-04  8.8801e-03  3.2124e-02  +1.96075729e+03  +1.99590158e+03     45.14    384.669  51  0.000e+00  0.000e+00
  8600  2.3365e-02  7.5205e-04  9.1719e-03  2.3365e-02  +1.96082989e+03  +1.99714105e+03     45.40    385.795  51  0.000e+00  0.000e+00
  8625  1.1541e-01  7.3198e-04  8.5137e-03  1.1541e-01  +1.96071363e+03  +1.99439464e+03     44.81    386.918  51  0.000e+00  0.000e+00
  8650  3.5913e-03  7.1854e-04  9.1062e-03  9.1062e-03  +1.96039803e+03  +1.99643876e+03     45.08    388.043  51  0.000e+00  0.000e+00
  8675  7.6452e-04  7.3693e-04  9.0289e-03  9.0289e-03  +1.96049736e+03  +1.99623120e+03     45.30    389.171  51  0.000e+00  0.000e+00
  8700  1.4218e-02  7.0264e-04  8.6462e-03  1.4218e-02  +1.96033178e+03  +1.99453494e+03     44.66    390.298  51  0.000e+00  0.000e+00
  8725  3.8645e-02  7.7675e-04  9.1402e-03  3.8645e-02  +1.96035924e+03  +1.99653525e+03     45.37    391.425  51  0.000e+00  0.000e+00
# gate it=8750 k=350 kw=175 s1=2.812e+02 s_kw/s1=8.724e-03 fired=1 clipped_neg=51 clipped_pos=0 fired_frac_last250=1.000
# deflate it=8750 alpha=2.678e+01 theta=2.812e+01 clipped_neg=51 clipped_pos=0
  8750  1.2858e-02  9.0108e-04  8.6960e-03  1.2858e-02  +1.96037606e+03  +1.99477894e+03     45.21    392.548  51  0.000e+00  0.000e+00
  8775  2.4885e-03  7.3262e-04  8.2418e-03  8.2418e-03  +1.96008890e+03  +1.99267505e+03     45.91    393.681  51  0.000e+00  0.000e+00
  8800  3.8356e-02  7.5493e-04  9.1345e-03  3.8356e-02  +1.96007923e+03  +1.99622717e+03     44.51    394.809  51  0.000e+00  0.000e+00
  8825  2.6546e-02  7.4891e-04  8.4740e-03  2.6546e-02  +1.95994266e+03  +1.99345211e+03     45.32    395.935  51  0.000e+00  0.000e+00
  8850  7.6100e-03  7.0641e-04  8.6197e-03  8.6197e-03  +1.95963409e+03  +1.99371944e+03     44.06    397.063  51  0.000e+00  0.000e+00
  8875  3.3817e-02  7.1775e-04  9.0537e-03  3.3817e-02  +1.95971257e+03  +1.99553106e+03     45.52    398.190  51  0.000e+00  0.000e+00
  8900  1.2254e-01  6.9135e-04  8.4561e-03  1.2254e-01  +1.95966174e+03  +1.99309492e+03     44.60    399.315  51  0.000e+00  0.000e+00
  8925  1.0097e-01  7.2766e-04  8.7280e-03  1.0097e-01  +1.95953767e+03  +1.99405339e+03     45.60    400.440  51  0.000e+00  0.000e+00
  8950  2.2448e-02  7.1698e-04  9.0376e-03  2.2448e-02  +1.95953339e+03  +1.99528454e+03     44.92    401.562  51  0.000e+00  0.000e+00
  8975  1.1059e-01  7.9818e-04  8.4731e-03  1.1059e-01  +1.95945102e+03  +1.99294848e+03     45.11    402.691  51  0.000e+00  0.000e+00
# gate it=9000 k=350 kw=175 s1=2.852e+02 s_kw/s1=8.603e-03 fired=1 clipped_neg=50 clipped_pos=0 fired_frac_last250=1.000
# deflate it=9000 alpha=2.909e+01 theta=2.852e+01 clipped_neg=50 clipped_pos=0
  9000  2.2118e-02  7.2509e-04  8.8495e-03  2.2118e-02  +1.95923199e+03  +1.99422701e+03     44.24    403.810  50  0.000e+00  0.000e+00
  9025  6.8705e-02  7.0418e-04  9.1061e-03  6.8705e-02  +1.95899375e+03  +1.99500831e+03     44.92    404.935  50  0.000e+00  0.000e+00
  9050  1.3033e-01  7.3544e-04  8.4967e-03  1.3033e-01  +1.95919306e+03  +1.99278019e+03     45.57    406.059  50  0.000e+00  0.000e+00
  9075  4.9433e-03  7.3311e-04  8.8329e-03  8.8329e-03  +1.95882076e+03  +1.99374216e+03     44.45    407.181  50  0.000e+00  0.000e+00
  9100  7.8092e-02  6.9745e-04  9.0002e-03  7.8092e-02  +1.95890503e+03  +1.99449547e+03     44.64    408.302  50  0.000e+00  0.000e+00
  9125  7.0201e-03  6.9328e-04  8.5527e-03  8.5527e-03  +1.95875180e+03  +1.99255476e+03     44.75    409.426  50  0.000e+00  0.000e+00
  9150  6.9705e-02  7.2348e-04  9.0862e-03  6.9705e-02  +1.95866174e+03  +1.99459078e+03     45.14    410.550  50  0.000e+00  0.000e+00
  9175  7.9161e-02  6.9720e-04  8.8041e-03  7.9161e-02  +1.95869756e+03  +1.99350198e+03     45.13    411.671  50  0.000e+00  0.000e+00
  9200  8.5213e-02  7.1918e-04  8.7657e-03  8.5213e-02  +1.95859438e+03  +1.99324384e+03     44.29    412.791  50  0.000e+00  0.000e+00
  9225  1.8906e-02  6.8760e-04  9.0434e-03  1.8906e-02  +1.95843348e+03  +1.99418759e+03     45.67    413.913  50  0.000e+00  0.000e+00
# gate it=9250 k=350 kw=175 s1=2.891e+02 s_kw/s1=8.478e-03 fired=1 clipped_neg=50 clipped_pos=0 fired_frac_last250=1.000
# deflate it=9250 alpha=2.762e+01 theta=2.891e+01 clipped_neg=50 clipped_pos=0
  9250  1.1916e-01  7.4801e-04  8.4661e-03  1.1916e-01  +1.95850829e+03  +1.99196192e+03     44.82    415.034  50  0.000e+00  0.000e+00
  9275  9.9874e-02  6.7043e-04  8.3526e-03  9.9874e-02  +1.95816117e+03  +1.99115668e+03     45.31    416.154  50  0.000e+00  0.000e+00
  9300  1.1675e-02  7.2542e-04  8.9779e-03  1.1675e-02  +1.95816792e+03  +1.99365616e+03     44.80    417.276  50  0.000e+00  0.000e+00
  9325  3.9220e-03  7.2819e-04  8.3978e-03  8.3978e-03  +1.95804919e+03  +1.99122284e+03     44.44    418.396  50  0.000e+00  0.000e+00
  9350  5.3289e-02  7.0442e-04  8.4848e-03  5.3289e-02  +1.95802003e+03  +1.99153986e+03     44.93    419.525  50  0.000e+00  0.000e+00
  9375  1.2867e-02  7.5451e-04  8.8570e-03  1.2867e-02  +1.95791490e+03  +1.99291640e+03     44.28    420.641  50  0.000e+00  0.000e+00
  9400  3.7092e-02  7.1572e-04  8.4959e-03  3.7092e-02  +1.95793565e+03  +1.99149802e+03     44.56    421.766  50  0.000e+00  0.000e+00
  9425  9.0057e-03  7.1066e-04  8.6533e-03  9.0057e-03  +1.95768489e+03  +1.99187016e+03     45.45    422.889  50  0.000e+00  0.000e+00
  9450  8.6601e-02  6.7909e-04  8.9144e-03  8.6601e-02  +1.95781421e+03  +1.99304281e+03     44.62    424.016  50  0.000e+00  0.000e+00
  9475  1.1312e-01  6.7029e-04  8.4678e-03  1.1312e-01  +1.95765679e+03  +1.99110251e+03     45.22    425.136  50  0.000e+00  0.000e+00
# gate it=9500 k=350 kw=175 s1=2.929e+02 s_kw/s1=8.362e-03 fired=1 clipped_neg=50 clipped_pos=0 fired_frac_last250=1.000
# deflate it=9500 alpha=3.620e+01 theta=2.929e+01 clipped_neg=50 clipped_pos=0
  9500  1.2003e-01  6.7703e-04  8.7901e-03  1.2003e-01  +1.95762879e+03  +1.99235822e+03     45.27    426.258  50  0.000e+00  0.000e+00
  9525  9.7046e-02  6.8935e-04  8.8491e-03  9.7046e-02  +1.95743154e+03  +1.99239262e+03     44.69    427.377  50  0.000e+00  0.000e+00
  9550  1.2855e-02  6.6312e-04  8.5013e-03  1.2855e-02  +1.95732607e+03  +1.99089955e+03     45.26    428.501  50  0.000e+00  0.000e+00
  9575  2.7150e-03  6.7775e-04  8.4324e-03  8.4324e-03  +1.95743102e+03  +1.99073176e+03     44.34    429.621  50  0.000e+00  0.000e+00
  9600  3.1022e-03  6.6396e-04  8.2131e-03  8.2131e-03  +1.95718108e+03  +1.98960445e+03     45.13    430.741  50  0.000e+00  0.000e+00
  9625  9.1314e-02  6.8183e-04  8.5455e-03  9.1314e-02  +1.95722783e+03  +1.99097589e+03     44.74    431.860  49  0.000e+00  0.000e+00
  9650  6.4707e-02  6.9157e-04  8.2906e-03  6.4707e-02  +1.95713613e+03  +1.98986738e+03     44.57    432.978  49  0.000e+00  0.000e+00
  9675  1.6166e-02  6.8777e-04  8.3986e-03  1.6166e-02  +1.95702938e+03  +1.99018906e+03     45.14    434.100  49  0.000e+00  0.000e+00
  9700  1.0010e-02  6.9553e-04  8.5748e-03  1.0010e-02  +1.95694756e+03  +1.99080735e+03     44.40    435.222  49  0.000e+00  0.000e+00
  9725  2.6272e-02  7.1356e-04  8.3618e-03  2.6272e-02  +1.95672334e+03  +1.98973099e+03     44.78    436.341  49  0.000e+00  0.000e+00
# gate it=9750 k=350 kw=175 s1=2.967e+02 s_kw/s1=8.249e-03 fired=1 clipped_neg=48 clipped_pos=0 fired_frac_last250=1.000
# deflate it=9750 alpha=4.398e+01 theta=2.967e+01 clipped_neg=48 clipped_pos=0
  9750  4.0062e-02  7.3039e-04  8.3537e-03  4.0062e-02  +1.95677690e+03  +1.98975344e+03     44.74    437.465  48  0.000e+00  0.000e+00
  9775  6.6768e-02  6.9545e-04  8.4979e-03  6.6768e-02  +1.95656939e+03  +1.99011638e+03     44.43    438.582  48  0.000e+00  0.000e+00
  9800  1.0805e-02  7.7756e-04  8.3836e-03  1.0805e-02  +1.95661375e+03  +1.98970649e+03     44.94    439.700  48  0.000e+00  0.000e+00
  9825  5.8456e-02  6.7556e-04  8.4367e-03  5.8456e-02  +1.95669451e+03  +1.99000011e+03     44.52    440.821  48  0.000e+00  0.000e+00
  9850  7.9842e-02  6.9640e-04  8.1034e-03  7.9842e-02  +1.95639514e+03  +1.98836931e+03     44.38    441.940  48  0.000e+00  0.000e+00
  9875  2.0475e-02  7.3321e-04  8.3349e-03  2.0475e-02  +1.95646501e+03  +1.98936161e+03     44.49    443.059  48  0.000e+00  0.000e+00
  9900  4.4661e-03  7.4668e-04  8.4322e-03  8.4322e-03  +1.95622977e+03  +1.98950946e+03     44.55    444.181  48  0.000e+00  0.000e+00
  9925  2.2889e-02  6.8651e-04  7.9502e-03  2.2889e-02  +1.95631449e+03  +1.98767783e+03     44.24    445.299  48  0.000e+00  0.000e+00
  9950  6.7466e-03  6.8580e-04  8.3301e-03  8.3301e-03  +1.95615610e+03  +1.98902841e+03     44.80    446.418  48  0.000e+00  0.000e+00
  9975  2.8324e-02  6.7461e-04  8.3664e-03  2.8324e-02  +1.95611840e+03  +1.98913417e+03     44.98    447.547  48  0.000e+00  0.000e+00
# gate it=10000 k=350 kw=175 s1=3.004e+02 s_kw/s1=8.144e-03 fired=1 clipped_neg=48 clipped_pos=0 fired_frac_last250=1.000
# deflate it=10000 alpha=4.274e+01 theta=3.004e+01 clipped_neg=48 clipped_pos=0
 10000  3.2261e-03  6.9801e-04  8.1415e-03  8.1415e-03  +1.95600107e+03  +1.98812017e+03     44.70    448.670  48  0.000e+00  0.000e+00
# deflation summary: gate evaluated 9901 its (it>=100), fired 9100 (91.9%) [clipped a negative head 9100 times, a positive one 0]; deflated projections 9100; last alpha=4.274e+01
# symmetry defect eps_sym = ||P-P^T||_F/||P||_F on 420 logged iterates (364 on the deflated path), symmetrize=1:
#   before symmetrization: all mean 0.000e+00 median 0.000e+00 max 0.000e+00 | deflated-path mean 0.000e+00 median 0.000e+00 max 0.000e+00
#   after  symmetrization: all mean 0.000e+00 median 0.000e+00 max 0.000e+00 | deflated-path mean 0.000e+00 median 0.000e+00 max 0.000e+00
# symmetrize=1: 8313.1 ms total (0.831 ms/it), included in proj time
# rank(X) at relative thresholds 1e-6 / 1e-4 / 1e-3 of lambda_max: 1523 / 99 / 56

FINAL problem=data/G60_mb.sdp mode=deflated16 sigma=1 iters=10000 | pinf 3.226e-03 dinf 6.980e-04 gap 8.141e-03 eta 8.141e-03 | lmin(X) -3.594e-03 lmin(S) -2.636e-03 eta_full 8.141e-03 | rank(X) 1523/7000 | obj 1.95600107e+03 | proj 448.7 s (44.9 ms/it) wall 467.5 s | symmetrize 1 eps_raw_max 0.000e+00 eps_used_max 0.000e+00
