# max-cut SDP  problem=data/G60mc.sdp n=7000 m=7000 F0_nnz=24105  mode=deflated16 sigma=1 eta_tol=0 window=0.025 gamma=1.1 symmetrize=1  ||C||_F=2.427447e+02
# iter  pinf        dinf        gap         eta         obj_primal      obj_dual        proj_ms  cum_proj_s  deflated  eps_sym_raw  eps_sym_used
     1  1.3050e-01  5.0175e-01  4.5023e-01  5.0175e-01  -2.67697783e+04  -1.01480000e+04    127.63      0.128  0  0.000e+00  0.000e+00
     2  3.8629e-01  2.2910e-01  3.0725e-01  3.8629e-01  -3.53418703e+04  -1.87284636e+04     42.24      0.170  0  0.000e+00  0.000e+00
     3  3.8110e-01  1.4230e-01  2.2623e-01  3.8110e-01  -3.65192877e+04  -2.30441743e+04     42.51      0.212  0  0.000e+00  0.000e+00
     4  2.8902e-01  1.1558e-01  1.5316e-01  2.8902e-01  -3.48492436e+04  -2.55919927e+04     43.50      0.256  0  0.000e+00  0.000e+00
     5  1.8671e-01  1.0037e-01  9.4576e-02  1.8671e-01  -3.25294803e+04  -2.69080479e+04     43.45      0.299  0  0.000e+00  0.000e+00
     6  1.0361e-01  8.4357e-02  5.2453e-02  1.0361e-01  -3.04897283e+04  -2.74505543e+04     44.04      0.343  0  0.000e+00  0.000e+00
     7  4.7123e-02  6.8752e-02  2.6233e-02  6.8752e-02  -2.90338045e+04  -2.75494103e+04     43.90      0.387  0  0.000e+00  0.000e+00
     8  1.7326e-02  5.6125e-02  1.3374e-02  5.6125e-02  -2.81753279e+04  -2.74316290e+04     43.49      0.431  0  0.000e+00  0.000e+00
     9  1.3405e-02  4.7583e-02  1.0341e-02  4.7583e-02  -2.78141603e+04  -2.72447620e+04     43.84      0.475  0  0.000e+00  0.000e+00
    10  1.3300e-02  4.2696e-02  1.3344e-02  4.2696e-02  -2.78131344e+04  -2.70806211e+04     43.90      0.518  0  0.000e+00  0.000e+00
    11  8.5079e-03  3.9997e-02  1.9043e-02  3.9997e-02  -2.80355817e+04  -2.69877620e+04     43.34      0.562  0  0.000e+00  0.000e+00
    12  5.5139e-03  3.8121e-02  2.4906e-02  3.8121e-02  -2.83618388e+04  -2.69833816e+04     43.06      0.605  0  0.000e+00  0.000e+00
    13  1.1828e-02  3.6355e-02  2.9347e-02  3.6355e-02  -2.86980905e+04  -2.70616805e+04     43.32      0.648  0  0.000e+00  0.000e+00
    14  1.8451e-02  3.4510e-02  3.1698e-02  3.4510e-02  -2.89823635e+04  -2.72014279e+04     43.52      0.692  0  0.000e+00  0.000e+00
    15  2.2701e-02  3.2703e-02  3.1937e-02  3.2703e-02  -2.91827757e+04  -2.73764147e+04     43.47      0.735  0  0.000e+00  0.000e+00
    16  2.4156e-02  3.1090e-02  3.0436e-02  3.1090e-02  -2.92914274e+04  -2.75610325e+04     43.95      0.779  0  0.000e+00  0.000e+00
    17  2.3148e-02  2.9729e-02  2.7780e-02  2.9729e-02  -2.93186964e+04  -2.77337617e+04     43.98      0.823  0  0.000e+00  0.000e+00
    18  2.0375e-02  2.8517e-02  2.4585e-02  2.8517e-02  -2.92859978e+04  -2.78805122e+04     43.37      0.867  0  0.000e+00  0.000e+00
    19  1.6643e-02  2.7429e-02  2.1379e-02  2.7429e-02  -2.92177687e+04  -2.79946168e+04     44.34      0.911  0  0.000e+00  0.000e+00
    20  1.2665e-02  2.6393e-02  1.8546e-02  2.6393e-02  -2.91365412e+04  -2.80754589e+04     43.91      0.955  0  0.000e+00  0.000e+00
    25  2.7400e-03  2.2059e-02  1.4018e-02  2.2059e-02  -2.89809036e+04  -2.81796117e+04     43.71      1.173  0  0.000e+00  0.000e+00
    50  2.9836e-03  1.3495e-02  1.1073e-02  1.3495e-02  -2.94270884e+04  -2.87824946e+04     43.97      2.265  0  0.000e+00  0.000e+00
    75  1.9619e-03  1.0162e-02  8.6355e-03  1.0162e-02  -2.95843859e+04  -2.90777977e+04     43.86      3.358  0  0.000e+00  0.000e+00
   100  1.6151e-03  8.3437e-03  7.3922e-03  8.3437e-03  -2.96865177e+04  -2.92508318e+04     43.39      4.457  0  0.000e+00  0.000e+00
   125  1.5170e-03  7.1905e-03  6.6231e-03  7.1905e-03  -2.97629775e+04  -2.93713195e+04     44.43      5.550  0  0.000e+00  0.000e+00
   150  1.4310e-03  6.3775e-03  6.0631e-03  6.3775e-03  -2.98198587e+04  -2.94604298e+04     43.41      6.644  0  0.000e+00  0.000e+00
   175  1.3881e-03  5.7563e-03  5.5814e-03  5.7563e-03  -2.98654881e+04  -2.95339511e+04     43.65      7.740  0  0.000e+00  0.000e+00
   200  1.3807e-03  5.3161e-03  5.2841e-03  5.3161e-03  -2.99039986e+04  -2.95896239e+04     44.36      8.836  0  0.000e+00  0.000e+00
   225  1.3786e-03  4.9443e-03  5.0127e-03  5.0127e-03  -2.99366932e+04  -2.96380601e+04     43.39      9.930  0  0.000e+00  0.000e+00
# gate it=250 k=350 kw=175 s1=6.198e+01 s_kw/s1=2.665e-01 fired=0 clipped_neg=0 clipped_pos=0 fired_frac_last250=0.000
   250  1.3453e-03  4.6265e-03  4.7737e-03  4.7737e-03  -2.99643318e+04  -2.96796043e+04     44.23     11.034  0  0.000e+00  0.000e+00
   275  1.3796e-03  4.3459e-03  4.6181e-03  4.6181e-03  -2.99898372e+04  -2.97141127e+04     43.58     12.128  0  0.000e+00  0.000e+00
   300  1.4015e-03  4.1437e-03  4.4320e-03  4.4320e-03  -3.00144372e+04  -2.97495585e+04     43.55     13.231  0  0.000e+00  0.000e+00
   325  1.4155e-03  3.9875e-03  4.1975e-03  4.1975e-03  -3.00283406e+04  -2.97773029e+04     43.81     14.326  0  0.000e+00  0.000e+00
   350  1.4201e-03  3.8307e-03  4.0471e-03  4.0471e-03  -3.00481301e+04  -2.98058888e+04     43.60     15.420  0  0.000e+00  0.000e+00
   375  1.4631e-03  3.7240e-03  3.9367e-03  3.9367e-03  -3.00612755e+04  -2.98255166e+04     43.96     16.514  0  0.000e+00  0.000e+00
   400  1.4876e-03  3.6183e-03  3.7398e-03  3.7398e-03  -3.00733282e+04  -2.98492255e+04     43.85     17.608  0  0.000e+00  0.000e+00
   425  1.5250e-03  3.5295e-03  3.7029e-03  3.7029e-03  -3.00888360e+04  -2.98668214e+04     43.70     18.701  0  0.000e+00  0.000e+00
   450  1.1224e-03  2.7894e-03  3.5988e-03  3.5988e-03  -3.00985330e+04  -2.98826684e+04     46.45     19.810  173  0.000e+00  0.000e+00
   475  7.4889e-04  2.6898e-03  3.5489e-03  3.5489e-03  -3.01092078e+04  -2.98962520e+04     46.26     20.955  168  0.000e+00  0.000e+00
# gate it=500 k=350 kw=175 s1=9.134e+01 s_kw/s1=6.431e-02 fired=1 clipped_neg=163 clipped_pos=0 fired_frac_last250=0.232
# deflate it=500 alpha=1.322e+01 theta=9.134e+00 clipped_neg=163 clipped_pos=0
   500  6.5622e-04  2.5875e-03  3.5016e-03  3.5016e-03  -3.01207405e+04  -2.99105327e+04     45.49     22.094  163  0.000e+00  0.000e+00
   525  6.3362e-04  2.4965e-03  3.3959e-03  3.3959e-03  -3.01292882e+04  -2.99253456e+04     46.24     23.239  159  0.000e+00  0.000e+00
   550  6.4793e-04  2.4013e-03  3.3336e-03  3.3336e-03  -3.01383490e+04  -2.99380736e+04     45.57     24.378  156  0.000e+00  0.000e+00
   575  6.2448e-04  2.3261e-03  3.1770e-03  3.1770e-03  -3.01449520e+04  -2.99540154e+04     45.32     25.515  151  0.000e+00  0.000e+00
   600  6.4807e-04  2.2611e-03  3.1070e-03  3.1070e-03  -3.01525505e+04  -2.99657607e+04     45.77     26.658  148  0.000e+00  0.000e+00
   625  6.3245e-04  2.2083e-03  3.1740e-03  3.1740e-03  -3.01609805e+04  -2.99701214e+04     45.20     27.796  144  0.000e+00  0.000e+00
   650  6.3032e-04  2.1589e-03  3.0207e-03  3.0207e-03  -3.01660371e+04  -2.99843398e+04     45.26     28.938  141  0.000e+00  0.000e+00
   675  6.2980e-04  2.0840e-03  3.0290e-03  3.0290e-03  -3.01746936e+04  -2.99924472e+04     45.24     30.076  139  0.000e+00  0.000e+00
   700  6.2680e-04  2.0478e-03  2.9355e-03  2.9355e-03  -3.01779328e+04  -3.00012714e+04     45.62     31.214  135  0.000e+00  0.000e+00
   725  6.3215e-04  2.0041e-03  2.8890e-03  2.8890e-03  -3.01855695e+04  -3.00116582e+04     45.40     32.353  132  0.000e+00  0.000e+00
# gate it=750 k=350 kw=175 s1=1.142e+02 s_kw/s1=4.533e-02 fired=1 clipped_neg=129 clipped_pos=0 fired_frac_last250=1.000
# deflate it=750 alpha=1.607e+01 theta=1.142e+01 clipped_neg=129 clipped_pos=0
   750  6.4910e-04  1.9486e-03  2.9393e-03  2.9393e-03  -3.01930630e+04  -3.00160844e+04     46.62     33.493  129  0.000e+00  0.000e+00
   775  6.3883e-04  1.8948e-03  2.7949e-03  2.7949e-03  -3.01938241e+04  -3.00255148e+04     45.94     34.633  127  0.000e+00  0.000e+00
   800  6.4848e-04  1.8660e-03  2.7812e-03  2.7812e-03  -3.02017969e+04  -3.00342675e+04     45.40     35.771  125  0.000e+00  0.000e+00
   825  6.4627e-04  1.8228e-03  2.7666e-03  2.7666e-03  -3.02072557e+04  -3.00405733e+04     45.60     36.914  123  0.000e+00  0.000e+00
   850  6.5514e-04  1.7730e-03  2.7035e-03  2.7035e-03  -3.02112091e+04  -3.00482974e+04     45.47     38.057  121  0.000e+00  0.000e+00
   875  6.4327e-04  1.7464e-03  2.6390e-03  2.6390e-03  -3.02139035e+04  -3.00548498e+04     46.12     39.199  119  0.000e+00  0.000e+00
   900  6.4862e-04  1.7171e-03  2.5853e-03  2.5853e-03  -3.02192609e+04  -3.00634094e+04     45.33     40.336  116  0.000e+00  0.000e+00
   925  6.2943e-04  1.6816e-03  2.6798e-03  2.6798e-03  -3.02237518e+04  -3.00621944e+04     45.39     41.476  115  0.000e+00  0.000e+00
   950  6.5706e-04  1.6379e-03  2.4374e-03  2.4374e-03  -3.02266190e+04  -3.00796269e+04     45.41     42.616  114  0.000e+00  0.000e+00
   975  6.4720e-04  1.6016e-03  2.5468e-03  2.5468e-03  -3.02327549e+04  -3.00791489e+04     46.66     43.757  113  0.000e+00  0.000e+00
# gate it=1000 k=350 kw=175 s1=1.337e+02 s_kw/s1=3.815e-02 fired=1 clipped_neg=111 clipped_pos=0 fired_frac_last250=1.000
# deflate it=1000 alpha=1.877e+01 theta=1.337e+01 clipped_neg=111 clipped_pos=0
  1000  6.2325e-04  1.5768e-03  2.3775e-03  2.3775e-03  -3.02328192e+04  -3.00894037e+04     45.10     44.899  111  0.000e+00  0.000e+00
  1025  6.3131e-04  1.5586e-03  2.4633e-03  2.4633e-03  -3.02380736e+04  -3.00894635e+04     45.33     46.038  109  0.000e+00  0.000e+00
  1050  6.3495e-04  1.5304e-03  2.4062e-03  2.4062e-03  -3.02414592e+04  -3.00962717e+04     45.35     47.178  108  0.000e+00  0.000e+00
  1075  6.2321e-04  1.5054e-03  2.4064e-03  2.4064e-03  -3.02438302e+04  -3.00986200e+04     45.76     48.315  106  0.000e+00  0.000e+00
  1100  6.4854e-04  1.4859e-03  2.3457e-03  2.3457e-03  -3.02476047e+04  -3.01060336e+04     46.76     49.456  105  0.000e+00  0.000e+00
  1125  6.5072e-04  1.4633e-03  2.3848e-03  2.3848e-03  -3.02508381e+04  -3.01068930e+04     45.87     50.598  103  0.000e+00  0.000e+00
  1150  6.2301e-04  1.4478e-03  2.3428e-03  2.3428e-03  -3.02540799e+04  -3.01126503e+04     45.49     51.735  102  0.000e+00  0.000e+00
  1175  6.4621e-04  1.4223e-03  2.2560e-03  2.2560e-03  -3.02567345e+04  -3.01205212e+04     45.15     52.876  102  0.000e+00  0.000e+00
  1200  6.3005e-04  1.3867e-03  2.2393e-03  2.2393e-03  -3.02590060e+04  -3.01237889e+04     45.02     54.018  101  0.000e+00  0.000e+00
  1225  6.6150e-04  1.3750e-03  2.1831e-03  2.1831e-03  -3.02601385e+04  -3.01283019e+04     45.14     55.155  99  0.000e+00  0.000e+00
# gate it=1250 k=350 kw=175 s1=1.510e+02 s_kw/s1=3.347e-02 fired=1 clipped_neg=99 clipped_pos=0 fired_frac_last250=1.000
# deflate it=1250 alpha=1.929e+01 theta=1.510e+01 clipped_neg=99 clipped_pos=0
  1250  6.5829e-04  1.3438e-03  2.2183e-03  2.2183e-03  -3.02647209e+04  -3.01307454e+04     45.53     56.294  99  0.000e+00  0.000e+00
  1275  6.5638e-04  1.3487e-03  2.1654e-03  2.1654e-03  -3.02652045e+04  -3.01344157e+04     45.40     57.437  97  0.000e+00  0.000e+00
  1300  6.4439e-04  1.3325e-03  2.2597e-03  2.2597e-03  -3.02704412e+04  -3.01339407e+04     45.17     58.577  96  0.000e+00  0.000e+00
  1325  6.2802e-04  1.3140e-03  2.1597e-03  2.1597e-03  -3.02719975e+04  -3.01415230e+04     45.95     59.713  94  0.000e+00  0.000e+00
  1350  6.3263e-04  1.2834e-03  2.2062e-03  2.2062e-03  -3.02760172e+04  -3.01427210e+04     45.68     60.851  94  0.000e+00  0.000e+00
  1375  6.5554e-04  1.2821e-03  2.0978e-03  2.0978e-03  -3.02761872e+04  -3.01494240e+04     45.62     61.992  93  0.000e+00  0.000e+00
  1400  6.2937e-04  1.2631e-03  2.1884e-03  2.1884e-03  -3.02794378e+04  -3.01471972e+04     45.26     63.132  91  0.000e+00  0.000e+00
  1425  6.5447e-04  1.2506e-03  2.0337e-03  2.0337e-03  -3.02803767e+04  -3.01574605e+04     45.29     64.270  90  0.000e+00  0.000e+00
  1450  6.5300e-04  1.2323e-03  2.1491e-03  2.1491e-03  -3.02836624e+04  -3.01537752e+04     45.12     65.411  90  0.000e+00  0.000e+00
  1475  6.4271e-04  1.2159e-03  1.9550e-03  1.9550e-03  -3.02834046e+04  -3.01652256e+04     45.49     66.549  89  0.000e+00  0.000e+00
# gate it=1500 k=350 kw=175 s1=1.668e+02 s_kw/s1=3.008e-02 fired=1 clipped_neg=88 clipped_pos=0 fired_frac_last250=1.000
# deflate it=1500 alpha=2.365e+01 theta=1.668e+01 clipped_neg=88 clipped_pos=0
  1500  6.2934e-04  1.2026e-03  2.0904e-03  2.0904e-03  -3.02895688e+04  -3.01631967e+04     45.93     67.689  88  0.000e+00  0.000e+00
  1525  6.5463e-04  1.1943e-03  1.9181e-03  1.9181e-03  -3.02856588e+04  -3.01696976e+04     45.15     68.828  88  0.000e+00  0.000e+00
  1550  6.3603e-04  1.1735e-03  2.0488e-03  2.0488e-03  -3.02922507e+04  -3.01683749e+04     46.20     69.966  86  0.000e+00  0.000e+00
  1575  6.0116e-04  1.1727e-03  1.9821e-03  1.9821e-03  -3.02909226e+04  -3.01710771e+04     45.25     71.104  86  0.000e+00  0.000e+00
  1600  6.3636e-04  1.1655e-03  2.0437e-03  2.0437e-03  -3.02963053e+04  -3.01727242e+04     44.92     72.240  85  0.000e+00  0.000e+00
  1625  6.1766e-04  1.1389e-03  1.9591e-03  1.9591e-03  -3.02956672e+04  -3.01771951e+04     45.04     73.376  84  0.000e+00  0.000e+00
  1650  6.2850e-04  1.1373e-03  1.9304e-03  1.9304e-03  -3.02976175e+04  -3.01808688e+04     47.27     74.517  83  0.000e+00  0.000e+00
  1675  6.1312e-04  1.1276e-03  2.0028e-03  2.0028e-03  -3.02981419e+04  -3.01770202e+04     46.27     75.656  83  0.000e+00  0.000e+00
  1700  6.4353e-04  1.1040e-03  1.9656e-03  1.9656e-03  -3.03039328e+04  -3.01850346e+04     46.22     76.798  82  0.000e+00  0.000e+00
  1725  6.4584e-04  1.0866e-03  1.8742e-03  1.8742e-03  -3.03010450e+04  -3.01876741e+04     46.07     77.941  82  0.000e+00  0.000e+00
# gate it=1750 k=350 kw=175 s1=1.814e+02 s_kw/s1=2.751e-02 fired=1 clipped_neg=82 clipped_pos=0 fired_frac_last250=1.000
# deflate it=1750 alpha=2.341e+01 theta=1.814e+01 clipped_neg=82 clipped_pos=0
  1750  6.5777e-04  1.0914e-03  1.9377e-03  1.9377e-03  -3.03043768e+04  -3.01871629e+04     45.65     79.081  82  0.000e+00  0.000e+00
  1775  6.3331e-04  1.0670e-03  1.8866e-03  1.8866e-03  -3.03069757e+04  -3.01928372e+04     45.67     80.222  81  0.000e+00  0.000e+00
  1800  6.5664e-04  1.0783e-03  1.8106e-03  1.8106e-03  -3.03053661e+04  -3.01958193e+04     45.39     81.360  80  0.000e+00  0.000e+00
  1825  6.3602e-04  1.0637e-03  1.9412e-03  1.9412e-03  -3.03103407e+04  -3.01928904e+04     45.20     82.501  80  0.000e+00  0.000e+00
  1850  6.0107e-04  1.0569e-03  1.7763e-03  1.7763e-03  -3.03086350e+04  -3.02011476e+04     45.16     83.638  79  0.000e+00  0.000e+00
  1875  6.4802e-04  1.0265e-03  1.8750e-03  1.8750e-03  -3.03137764e+04  -3.02003120e+04     45.49     84.778  79  0.000e+00  0.000e+00
  1900  6.2642e-04  1.0337e-03  1.7113e-03  1.7113e-03  -3.03108914e+04  -3.02073244e+04     45.53     85.920  78  0.000e+00  0.000e+00
  1925  6.4715e-04  1.0244e-03  1.8372e-03  1.8372e-03  -3.03155903e+04  -3.02044033e+04     45.37     87.061  77  0.000e+00  0.000e+00
  1950  6.1461e-04  1.0123e-03  1.7450e-03  1.7450e-03  -3.03146951e+04  -3.02090795e+04     45.75     88.201  77  0.000e+00  0.000e+00
  1975  6.4013e-04  9.9659e-04  1.8027e-03  1.8027e-03  -3.03175279e+04  -3.02084176e+04     45.30     89.342  77  0.000e+00  0.000e+00
# gate it=2000 k=350 kw=175 s1=1.949e+02 s_kw/s1=2.555e-02 fired=1 clipped_neg=77 clipped_pos=0 fired_frac_last250=1.000
# deflate it=2000 alpha=2.430e+01 theta=1.949e+01 clipped_neg=77 clipped_pos=0
  2000  6.5482e-04  9.8507e-04  1.7165e-03  1.7165e-03  -3.03174528e+04  -3.02135470e+04     46.18     90.480  77  0.000e+00  0.000e+00
  2025  6.5368e-04  9.9630e-04  1.7474e-03  1.7474e-03  -3.03186532e+04  -3.02128815e+04     45.97     91.619  76  0.000e+00  0.000e+00
  2050  6.5127e-04  9.7941e-04  1.7569e-03  1.7569e-03  -3.03215034e+04  -3.02151453e+04     46.18     92.759  75  0.000e+00  0.000e+00
  2075  6.5878e-04  9.6864e-04  1.6877e-03  1.6877e-03  -3.03207414e+04  -3.02185650e+04     46.55     93.905  75  0.000e+00  0.000e+00
  2100  6.6542e-04  9.8791e-04  1.6998e-03  1.6998e-03  -3.03224485e+04  -3.02195369e+04     45.21     95.042  74  0.000e+00  0.000e+00
  2125  6.7195e-04  9.6480e-04  1.6693e-03  1.6693e-03  -3.03246503e+04  -3.02235782e+04     45.72     96.183  74  0.000e+00  0.000e+00
  2150  6.4297e-04  9.6732e-04  1.6694e-03  1.6694e-03  -3.03231987e+04  -3.02221254e+04     45.11     97.322  73  0.000e+00  0.000e+00
  2175  6.7849e-04  9.4578e-04  1.6514e-03  1.6514e-03  -3.03274776e+04  -3.02274766e+04     45.12     98.460  73  0.000e+00  0.000e+00
  2200  6.7554e-04  9.5071e-04  1.5751e-03  1.5751e-03  -3.03258317e+04  -3.02304463e+04     44.97     99.600  72  0.000e+00  0.000e+00
  2225  6.7453e-04  9.5347e-04  1.6774e-03  1.6774e-03  -3.03285096e+04  -3.02269302e+04     46.18    100.739  71  0.000e+00  0.000e+00
# gate it=2250 k=350 kw=175 s1=2.076e+02 s_kw/s1=2.390e-02 fired=1 clipped_neg=71 clipped_pos=0 fired_frac_last250=1.000
# deflate it=2250 alpha=2.832e+01 theta=2.076e+01 clipped_neg=71 clipped_pos=0
  2250  7.0573e-04  9.4614e-04  1.5910e-03  1.5910e-03  -3.03289292e+04  -3.02325754e+04     45.48    101.880  71  0.000e+00  0.000e+00
  2275  7.1063e-04  9.4978e-04  1.6860e-03  1.6860e-03  -3.03294869e+04  -3.02273864e+04     45.67    103.017  71  0.000e+00  0.000e+00
  2300  7.1865e-04  9.2414e-04  1.6002e-03  1.6002e-03  -3.03327881e+04  -3.02358675e+04     45.73    104.156  70  0.000e+00  0.000e+00
  2325  6.8334e-04  9.2013e-04  1.6278e-03  1.6278e-03  -3.03293202e+04  -3.02307367e+04     45.36    105.295  70  0.000e+00  0.000e+00
  2350  6.8255e-04  9.1888e-04  1.6693e-03  1.6693e-03  -3.03345460e+04  -3.02334403e+04     45.47    106.438  70  0.000e+00  0.000e+00
  2375  7.0061e-04  9.1855e-04  1.5676e-03  1.5676e-03  -3.03331313e+04  -3.02381794e+04     45.29    107.577  69  0.000e+00  0.000e+00
  2400  7.1052e-04  8.9840e-04  1.6440e-03  1.6440e-03  -3.03349143e+04  -3.02353337e+04     45.49    108.717  69  0.000e+00  0.000e+00
  2425  6.9939e-04  9.0443e-04  1.5539e-03  1.5539e-03  -3.03366064e+04  -3.02424725e+04     45.17    109.859  68  0.000e+00  0.000e+00
  2450  6.8630e-04  8.9721e-04  1.6018e-03  1.6018e-03  -3.03351473e+04  -3.02381175e+04     45.11    111.002  68  0.000e+00  0.000e+00
  2475  6.9780e-04  9.2428e-04  1.6307e-03  1.6307e-03  -3.03389508e+04  -3.02401630e+04     45.23    112.143  67  0.000e+00  0.000e+00
# gate it=2500 k=350 kw=175 s1=2.196e+02 s_kw/s1=2.254e-02 fired=1 clipped_neg=66 clipped_pos=0 fired_frac_last250=1.000
# deflate it=2500 alpha=3.135e+01 theta=2.196e+01 clipped_neg=66 clipped_pos=0
  2500  7.1290e-04  8.9704e-04  1.5872e-03  1.5872e-03  -3.03379735e+04  -3.02418222e+04     45.30    113.280  66  0.000e+00  0.000e+00
  2525  7.5198e-04  8.8861e-04  1.6016e-03  1.6016e-03  -3.03408468e+04  -3.02438108e+04     45.67    114.421  66  0.000e+00  0.000e+00
  2550  7.3560e-04  8.9006e-04  1.5049e-03  1.5049e-03  -3.03399455e+04  -3.02487634e+04     45.48    115.557  66  0.000e+00  0.000e+00
  2575  7.2005e-04  8.9135e-04  1.6065e-03  1.6065e-03  -3.03407188e+04  -3.02433871e+04     46.02    116.697  66  0.000e+00  0.000e+00
  2600  7.2834e-04  8.6806e-04  1.5162e-03  1.5162e-03  -3.03433332e+04  -3.02514555e+04     45.65    117.837  65  0.000e+00  0.000e+00
  2625  7.2599e-04  8.6921e-04  1.5296e-03  1.5296e-03  -3.03416543e+04  -3.02489763e+04     45.02    118.976  65  0.000e+00  0.000e+00
  2650  7.2698e-04  8.8143e-04  1.5903e-03  1.5903e-03  -3.03447750e+04  -3.02484104e+04     45.17    120.116  64  0.000e+00  0.000e+00
  2675  7.4497e-04  8.6350e-04  1.5272e-03  1.5272e-03  -3.03455830e+04  -3.02530381e+04     45.30    121.254  64  0.000e+00  0.000e+00
  2700  7.5021e-04  8.7851e-04  1.4944e-03  1.4944e-03  -3.03443403e+04  -3.02537825e+04     45.14    122.394  64  0.000e+00  0.000e+00
  2725  7.3639e-04  8.7550e-04  1.5693e-03  1.5693e-03  -3.03467723e+04  -3.02516725e+04     45.95    123.532  64  0.000e+00  0.000e+00
# gate it=2750 k=350 kw=175 s1=2.310e+02 s_kw/s1=2.137e-02 fired=1 clipped_neg=63 clipped_pos=0 fired_frac_last250=1.000
# deflate it=2750 alpha=3.297e+01 theta=2.310e+01 clipped_neg=63 clipped_pos=0
  2750  7.3076e-04  8.5491e-04  1.5208e-03  1.5208e-03  -3.03467704e+04  -3.02546071e+04     45.55    124.674  63  0.000e+00  0.000e+00
  2775  7.4148e-04  8.4921e-04  1.4991e-03  1.4991e-03  -3.03480438e+04  -3.02571916e+04     45.38    125.813  63  0.000e+00  0.000e+00
  2800  7.3704e-04  8.5094e-04  1.5206e-03  1.5206e-03  -3.03481939e+04  -3.02560404e+04     46.20    126.953  63  0.000e+00  0.000e+00
  2825  7.6025e-04  8.3311e-04  1.4753e-03  1.4753e-03  -3.03511199e+04  -3.02616977e+04     45.49    128.098  63  0.000e+00  0.000e+00
  2850  7.5428e-04  8.4463e-04  1.4625e-03  1.4625e-03  -3.03485092e+04  -3.02598703e+04     46.22    129.238  63  0.000e+00  0.000e+00
  2875  7.4845e-04  8.3053e-04  1.5394e-03  1.5394e-03  -3.03512275e+04  -3.02579245e+04     46.31    130.379  62  0.000e+00  0.000e+00
  2900  7.5471e-04  8.1422e-04  1.4160e-03  1.4160e-03  -3.03524128e+04  -3.02665730e+04     45.53    131.519  62  0.000e+00  0.000e+00
  2925  7.4380e-04  8.3938e-04  1.5004e-03  1.5004e-03  -3.03512112e+04  -3.02602665e+04     45.04    132.656  62  0.000e+00  0.000e+00
  2950  7.6279e-04  8.1455e-04  1.4904e-03  1.4904e-03  -3.03553152e+04  -3.02649670e+04     45.06    133.793  61  0.000e+00  0.000e+00
  2975  7.5602e-04  8.1371e-04  1.3592e-03  1.3592e-03  -3.03522912e+04  -3.02698919e+04     45.55    134.936  61  0.000e+00  0.000e+00
# gate it=3000 k=350 kw=175 s1=2.419e+02 s_kw/s1=2.036e-02 fired=1 clipped_neg=61 clipped_pos=0 fired_frac_last250=1.000
# deflate it=3000 alpha=3.271e+01 theta=2.419e+01 clipped_neg=61 clipped_pos=0
  3000  7.5242e-04  8.1525e-04  1.5234e-03  1.5234e-03  -3.03545143e+04  -3.02621711e+04     45.43    136.074  61  0.000e+00  0.000e+00
  3025  7.9218e-04  8.3799e-04  1.3571e-03  1.3571e-03  -3.03564071e+04  -3.02741267e+04     47.83    137.216  60  0.000e+00  0.000e+00
  3050  7.7168e-04  8.2772e-04  1.4304e-03  1.4304e-03  -3.03540482e+04  -3.02673327e+04     45.72    138.355  60  0.000e+00  0.000e+00
  3075  7.7773e-04  8.1816e-04  1.4903e-03  1.4903e-03  -3.03600117e+04  -3.02696522e+04     45.98    139.493  60  0.000e+00  0.000e+00
  3100  7.7261e-04  7.9437e-04  1.2711e-03  1.2711e-03  -3.03555044e+04  -3.02784336e+04     46.55    140.636  60  0.000e+00  0.000e+00
  3125  7.6087e-04  7.8256e-04  1.4943e-03  1.4943e-03  -3.03576216e+04  -3.02670259e+04     45.63    141.775  60  0.000e+00  0.000e+00
  3150  7.6205e-04  7.9297e-04  1.3727e-03  1.3727e-03  -3.03601232e+04  -3.02768837e+04     45.46    142.915  60  0.000e+00  0.000e+00
  3175  7.7969e-04  7.8178e-04  1.4127e-03  1.4127e-03  -3.03583140e+04  -3.02726611e+04     45.17    144.050  60  0.000e+00  0.000e+00
  3200  7.6597e-04  7.9755e-04  1.4004e-03  1.4004e-03  -3.03608963e+04  -3.02759819e+04     45.34    145.192  60  0.000e+00  0.000e+00
  3225  7.7798e-04  7.7898e-04  1.3425e-03  1.3425e-03  -3.03594520e+04  -3.02780458e+04     45.27    146.331  60  0.000e+00  0.000e+00
# gate it=3250 k=350 kw=175 s1=2.522e+02 s_kw/s1=1.950e-02 fired=1 clipped_neg=60 clipped_pos=0 fired_frac_last250=1.000
# deflate it=3250 alpha=1.990e+01 theta=2.522e+01 clipped_neg=60 clipped_pos=0
  3250  7.6780e-04  7.6503e-04  1.4282e-03  1.4282e-03  -3.03611227e+04  -3.02745211e+04     46.49    147.468  60  0.000e+00  0.000e+00
  3275  7.6596e-04  7.8544e-04  1.3980e-03  1.3980e-03  -3.03626518e+04  -3.02778729e+04     46.06    148.607  59  0.000e+00  0.000e+00
  3300  7.7674e-04  7.5802e-04  1.3757e-03  1.3757e-03  -3.03631755e+04  -3.02797494e+04     45.03    149.743  59  0.000e+00  0.000e+00
  3325  7.8738e-04  7.6267e-04  1.3242e-03  1.3242e-03  -3.03634526e+04  -3.02831424e+04     45.18    150.882  58  0.000e+00  0.000e+00
  3350  7.7954e-04  7.5215e-04  1.2977e-03  1.2977e-03  -3.03625602e+04  -3.02838570e+04     46.15    152.022  58  0.000e+00  0.000e+00
  3375  7.9227e-04  7.4945e-04  1.3593e-03  1.3593e-03  -3.03645471e+04  -3.02821097e+04     45.10    153.164  58  0.000e+00  0.000e+00
  3400  7.9656e-04  7.8386e-04  1.2543e-03  1.2543e-03  -3.03649171e+04  -3.02888363e+04     45.29    154.303  57  0.000e+00  0.000e+00
  3425  7.9214e-04  7.6097e-04  1.3150e-03  1.3150e-03  -3.03639343e+04  -3.02841784e+04     45.59    155.442  57  0.000e+00  0.000e+00
  3450  7.8040e-04  7.8489e-04  1.3361e-03  1.3361e-03  -3.03666154e+04  -3.02855796e+04     45.53    156.581  57  0.000e+00  0.000e+00
  3475  7.9081e-04  7.5442e-04  1.2964e-03  1.2964e-03  -3.03662117e+04  -3.02875803e+04     46.79    157.723  57  0.000e+00  0.000e+00
# gate it=3500 k=350 kw=175 s1=2.620e+02 s_kw/s1=1.874e-02 fired=1 clipped_neg=56 clipped_pos=0 fired_frac_last250=1.000
# deflate it=3500 alpha=2.600e+01 theta=2.620e+01 clipped_neg=56 clipped_pos=0
  3500  7.7689e-04  7.4144e-04  1.2948e-03  1.2948e-03  -3.03679058e+04  -3.02893644e+04     45.77    158.864  56  0.000e+00  0.000e+00
  3525  7.8396e-04  7.4186e-04  1.2784e-03  1.2784e-03  -3.03671188e+04  -3.02895748e+04     46.56    160.004  56  0.000e+00  0.000e+00
  3550  7.8925e-04  7.4049e-04  1.3248e-03  1.3248e-03  -3.03687509e+04  -3.02883884e+04     45.98    161.146  56  0.000e+00  0.000e+00
  3575  7.7544e-04  7.4743e-04  1.2837e-03  1.2837e-03  -3.03687993e+04  -3.02909264e+04     45.24    162.285  56  0.000e+00  0.000e+00
  3600  7.9020e-04  7.2118e-04  1.2900e-03  1.2900e-03  -3.03697181e+04  -3.02914641e+04     46.83    163.427  56  0.000e+00  0.000e+00
  3625  7.9319e-04  7.1907e-04  1.2429e-03  1.2429e-03  -3.03697183e+04  -3.02943207e+04     45.23    164.565  56  0.000e+00  0.000e+00
  3650  7.8495e-04  7.5184e-04  1.2811e-03  1.2811e-03  -3.03699260e+04  -3.02922097e+04     45.52    165.705  55  0.000e+00  0.000e+00
  3675  7.7898e-04  7.3591e-04  1.2874e-03  1.2874e-03  -3.03708933e+04  -3.02927950e+04     45.38    166.843  55  0.000e+00  0.000e+00
  3700  7.7406e-04  7.4166e-04  1.2803e-03  1.2803e-03  -3.03716376e+04  -3.02939636e+04     45.43    167.983  55  0.000e+00  0.000e+00
  3725  7.7205e-04  7.2035e-04  1.2461e-03  1.2461e-03  -3.03724765e+04  -3.02968733e+04     45.42    169.123  55  0.000e+00  0.000e+00
# gate it=3750 k=350 kw=175 s1=2.715e+02 s_kw/s1=1.806e-02 fired=1 clipped_neg=55 clipped_pos=0 fired_frac_last250=1.000
# deflate it=3750 alpha=3.850e+01 theta=2.715e+01 clipped_neg=55 clipped_pos=0
  3750  7.8013e-04  7.2321e-04  1.2320e-03  1.2320e-03  -3.03721304e+04  -3.02973829e+04     46.05    170.259  55  0.000e+00  0.000e+00
  3775  7.8669e-04  7.1773e-04  1.2730e-03  1.2730e-03  -3.03723987e+04  -3.02951666e+04     45.85    171.402  54  0.000e+00  0.000e+00
  3800  7.8934e-04  7.1875e-04  1.2655e-03  1.2655e-03  -3.03735670e+04  -3.02967902e+04     45.58    172.540  54  0.000e+00  0.000e+00
  3825  7.8264e-04  7.2216e-04  1.2462e-03  1.2462e-03  -3.03730135e+04  -3.02974071e+04     46.21    173.682  54  0.000e+00  0.000e+00
  3850  7.9355e-04  7.1672e-04  1.2895e-03  1.2895e-03  -3.03745475e+04  -3.02963114e+04     45.08    174.819  54  0.000e+00  0.000e+00
  3875  7.9247e-04  7.1391e-04  1.2019e-03  1.2019e-03  -3.03751434e+04  -3.03022159e+04     45.39    175.957  54  0.000e+00  0.000e+00
  3900  7.8416e-04  7.0290e-04  1.2228e-03  1.2228e-03  -3.03739213e+04  -3.02997297e+04     45.24    177.094  54  0.000e+00  0.000e+00
  3925  7.8703e-04  7.1042e-04  1.2773e-03  1.2773e-03  -3.03762833e+04  -3.02987843e+04     46.53    178.233  53  0.000e+00  0.000e+00
  3950  7.7953e-04  7.1737e-04  1.2260e-03  1.2260e-03  -3.03759236e+04  -3.03015313e+04     45.90    179.372  53  0.000e+00  0.000e+00
  3975  8.0118e-04  7.1164e-04  1.2503e-03  1.2503e-03  -3.03762271e+04  -3.03003645e+04     45.35    180.512  53  0.000e+00  0.000e+00
# gate it=4000 k=350 kw=175 s1=2.806e+02 s_kw/s1=1.747e-02 fired=1 clipped_neg=53 clipped_pos=0 fired_frac_last250=1.000
# deflate it=4000 alpha=4.139e+01 theta=2.806e+01 clipped_neg=53 clipped_pos=0
  4000  7.9246e-04  7.0929e-04  1.2438e-03  1.2438e-03  -3.03770349e+04  -3.03015634e+04     44.91    181.651  53  0.000e+00  0.000e+00
  4025  7.8530e-04  6.9814e-04  1.2444e-03  1.2444e-03  -3.03776593e+04  -3.03021482e+04     45.97    182.787  53  0.000e+00  0.000e+00
  4050  7.9217e-04  7.1289e-04  1.1924e-03  1.1924e-03  -3.03776604e+04  -3.03053026e+04     45.33    183.927  52  0.000e+00  0.000e+00
  4075  7.8613e-04  7.2935e-04  1.2212e-03  1.2212e-03  -3.03778627e+04  -3.03037576e+04     49.02    185.068  52  0.000e+00  0.000e+00
  4100  7.9414e-04  7.0445e-04  1.2477e-03  1.2477e-03  -3.03788420e+04  -3.03031298e+04     46.31    186.207  52  0.000e+00  0.000e+00
  4125  7.8694e-04  6.8135e-04  1.1834e-03  1.1834e-03  -3.03802860e+04  -3.03084665e+04     45.31    187.346  51  0.000e+00  0.000e+00
  4150  7.9519e-04  7.3691e-04  1.1662e-03  1.1662e-03  -3.03782753e+04  -3.03075009e+04     45.41    188.483  51  0.000e+00  0.000e+00
  4175  7.9439e-04  7.3759e-04  1.2515e-03  1.2515e-03  -3.03805852e+04  -3.03046381e+04     45.31    189.623  51  0.000e+00  0.000e+00
  4200  7.9611e-04  6.9798e-04  1.1741e-03  1.1741e-03  -3.03807604e+04  -3.03094999e+04     45.49    190.759  51  0.000e+00  0.000e+00
  4225  7.7890e-04  7.2994e-04  1.2044e-03  1.2044e-03  -3.03798386e+04  -3.03067490e+04     45.29    191.898  51  0.000e+00  0.000e+00
# gate it=4250 k=350 kw=175 s1=2.894e+02 s_kw/s1=1.691e-02 fired=1 clipped_neg=51 clipped_pos=0 fired_frac_last250=1.000
# deflate it=4250 alpha=3.666e+01 theta=2.894e+01 clipped_neg=51 clipped_pos=0
  4250  7.9554e-04  7.0517e-04  1.2392e-03  1.2392e-03  -3.03817771e+04  -3.03065692e+04     46.98    193.036  51  0.000e+00  0.000e+00
  4275  7.8717e-04  7.1575e-04  1.1721e-03  1.1721e-03  -3.03810717e+04  -3.03099327e+04     45.18    194.172  51  0.000e+00  0.000e+00
  4300  7.9421e-04  7.0394e-04  1.2342e-03  1.2342e-03  -3.03812482e+04  -3.03063444e+04     45.14    195.311  51  0.000e+00  0.000e+00
  4325  7.8979e-04  6.9166e-04  1.2383e-03  1.2383e-03  -3.03831052e+04  -3.03079520e+04     45.20    196.452  50  0.000e+00  0.000e+00
  4350  7.8064e-04  7.1762e-04  1.2160e-03  1.2160e-03  -3.03830462e+04  -3.03092422e+04     45.77    197.588  50  0.000e+00  0.000e+00
  4375  7.7318e-04  7.3906e-04  1.2492e-03  1.2492e-03  -3.03831434e+04  -3.03073251e+04     45.55    198.725  50  0.000e+00  0.000e+00
  4400  7.9425e-04  6.8386e-04  1.2167e-03  1.2167e-03  -3.03852784e+04  -3.03114258e+04     45.84    199.861  50  0.000e+00  0.000e+00
  4425  7.9642e-04  6.8109e-04  1.1420e-03  1.1420e-03  -3.03831018e+04  -3.03137869e+04     45.33    201.001  50  0.000e+00  0.000e+00
  4450  7.7787e-04  7.2728e-04  1.2535e-03  1.2535e-03  -3.03844149e+04  -3.03083358e+04     45.84    202.137  49  0.000e+00  0.000e+00
  4475  7.8204e-04  6.8135e-04  1.1924e-03  1.1924e-03  -3.03856578e+04  -3.03132772e+04     45.09    203.277  49  0.000e+00  0.000e+00
# gate it=4500 k=350 kw=175 s1=2.979e+02 s_kw/s1=1.642e-02 fired=1 clipped_neg=48 clipped_pos=0 fired_frac_last250=1.000
# deflate it=4500 alpha=4.316e+01 theta=2.979e+01 clipped_neg=48 clipped_pos=0
  4500  7.8156e-04  6.9195e-04  1.1821e-03  1.1821e-03  -3.03842213e+04  -3.03124729e+04     46.03    204.414  48  0.000e+00  0.000e+00
  4525  7.8765e-04  6.7680e-04  1.2550e-03  1.2550e-03  -3.03869178e+04  -3.03107412e+04     45.39    205.561  48  0.000e+00  0.000e+00
  4550  7.9604e-04  6.6842e-04  1.1126e-03  1.1126e-03  -3.03865930e+04  -3.03190521e+04     45.14    206.696  48  0.000e+00  0.000e+00
  4575  7.9764e-04  6.7501e-04  1.1731e-03  1.1731e-03  -3.03846625e+04  -3.03134565e+04     46.74    207.836  48  0.000e+00  0.000e+00
  4600  7.9379e-04  6.8502e-04  1.2309e-03  1.2309e-03  -3.03880656e+04  -3.03133470e+04     45.86    208.975  48  0.000e+00  0.000e+00
  4625  7.8700e-04  6.9424e-04  1.1292e-03  1.1292e-03  -3.03868780e+04  -3.03183268e+04     45.23    210.116  48  0.000e+00  0.000e+00
  4650  7.9797e-04  7.1634e-04  1.2265e-03  1.2265e-03  -3.03875322e+04  -3.03130842e+04     45.97    211.260  48  0.000e+00  0.000e+00
  4675  7.8938e-04  6.9160e-04  1.1342e-03  1.1342e-03  -3.03890841e+04  -3.03202250e+04     44.99    212.397  48  0.000e+00  0.000e+00
  4700  7.9198e-04  6.5233e-04  1.1256e-03  1.1256e-03  -3.03870947e+04  -3.03187623e+04     45.18    213.535  48  0.000e+00  0.000e+00
  4725  7.9568e-04  6.5846e-04  1.2022e-03  1.2022e-03  -3.03887929e+04  -3.03158106e+04     45.92    214.671  48  0.000e+00  0.000e+00
# gate it=4750 k=350 kw=175 s1=3.062e+02 s_kw/s1=1.597e-02 fired=1 clipped_neg=48 clipped_pos=0 fired_frac_last250=1.000
# deflate it=4750 alpha=2.638e+01 theta=3.062e+01 clipped_neg=48 clipped_pos=0
  4750  7.9664e-04  7.0306e-04  1.1335e-03  1.1335e-03  -3.03897521e+04  -3.03209361e+04     45.75    215.811  48  0.000e+00  0.000e+00
  4775  7.9295e-04  6.6249e-04  1.1380e-03  1.1380e-03  -3.03879731e+04  -3.03188853e+04     45.63    216.950  48  0.000e+00  0.000e+00
  4800  7.8770e-04  6.8908e-04  1.1880e-03  1.1880e-03  -3.03913085e+04  -3.03191816e+04     45.41    218.089  48  0.000e+00  0.000e+00
  4825  8.0115e-04  7.2900e-04  1.0605e-03  1.0605e-03  -3.03895668e+04  -3.03251782e+04     45.16    219.226  47  0.000e+00  0.000e+00
  4850  7.9617e-04  6.6478e-04  1.1499e-03  1.1499e-03  -3.03893504e+04  -3.03195421e+04     45.32    220.366  47  0.000e+00  0.000e+00
  4875  7.9318e-04  6.7533e-04  1.1739e-03  1.1739e-03  -3.03918655e+04  -3.03205969e+04     44.84    221.506  47  0.000e+00  0.000e+00
  4900  7.8997e-04  6.6760e-04  1.1027e-03  1.1027e-03  -3.03908543e+04  -3.03239039e+04     45.78    222.647  47  0.000e+00  0.000e+00
  4925  8.0356e-04  6.8253e-04  1.1398e-03  1.1398e-03  -3.03899920e+04  -3.03207915e+04     45.44    223.787  47  0.000e+00  0.000e+00
  4950  7.8739e-04  6.8506e-04  1.1580e-03  1.1580e-03  -3.03917556e+04  -3.03214493e+04     45.70    224.926  46  0.000e+00  0.000e+00
  4975  7.8772e-04  6.7514e-04  1.0926e-03  1.0926e-03  -3.03913832e+04  -3.03250459e+04     45.98    226.066  46  0.000e+00  0.000e+00
# gate it=5000 k=350 kw=175 s1=3.142e+02 s_kw/s1=1.555e-02 fired=1 clipped_neg=46 clipped_pos=0 fired_frac_last250=1.000
# deflate it=5000 alpha=4.739e+01 theta=3.142e+01 clipped_neg=46 clipped_pos=0
  5000  7.8357e-04  6.6309e-04  1.1773e-03  1.1773e-03  -3.03918199e+04  -3.03203435e+04     45.11    227.202  46  0.000e+00  0.000e+00
  5025  8.0515e-04  6.9229e-04  1.1394e-03  1.1394e-03  -3.03939243e+04  -3.03247401e+04     45.17    228.341  46  0.000e+00  0.000e+00
  5050  8.0646e-04  6.4186e-04  1.0362e-03  1.0362e-03  -3.03911741e+04  -3.03282577e+04     45.53    229.477  46  0.000e+00  0.000e+00
  5075  7.8998e-04  6.3754e-04  1.1644e-03  1.1644e-03  -3.03930241e+04  -3.03223234e+04     46.11    230.618  46  0.000e+00  0.000e+00
  5100  8.1175e-04  6.5687e-04  1.1204e-03  1.1204e-03  -3.03944996e+04  -3.03264673e+04     45.09    231.758  46  0.000e+00  0.000e+00
  5125  8.0975e-04  6.3682e-04  1.0964e-03  1.0964e-03  -3.03934219e+04  -3.03268441e+04     46.44    232.900  46  0.000e+00  0.000e+00
  5150  7.9975e-04  6.4275e-04  1.0984e-03  1.0984e-03  -3.03948568e+04  -3.03281587e+04     45.64    234.039  46  0.000e+00  0.000e+00
  5175  7.9871e-04  6.4607e-04  1.0466e-03  1.0466e-03  -3.03935463e+04  -3.03299894e+04     46.10    235.178  46  0.000e+00  0.000e+00
  5200  7.9743e-04  6.4946e-04  1.1005e-03  1.1005e-03  -3.03938814e+04  -3.03270598e+04     45.77    236.317  46  0.000e+00  0.000e+00
  5225  7.9703e-04  6.6006e-04  1.0848e-03  1.0848e-03  -3.03952372e+04  -3.03293645e+04     45.52    237.454  45  0.000e+00  0.000e+00
# gate it=5250 k=350 kw=175 s1=3.219e+02 s_kw/s1=1.517e-02 fired=1 clipped_neg=45 clipped_pos=0 fired_frac_last250=1.000
# deflate it=5250 alpha=4.904e+01 theta=3.219e+01 clipped_neg=45 clipped_pos=0
  5250  7.9244e-04  6.4359e-04  1.0799e-03  1.0799e-03  -3.03948865e+04  -3.03293111e+04     45.01    238.595  45  0.000e+00  0.000e+00
  5275  7.8485e-04  6.4198e-04  1.1030e-03  1.1030e-03  -3.03953381e+04  -3.03283608e+04     45.87    239.731  45  0.000e+00  0.000e+00
  5300  7.9668e-04  6.8792e-04  1.0860e-03  1.0860e-03  -3.03956947e+04  -3.03297439e+04     45.58    240.872  45  0.000e+00  0.000e+00
  5325  7.9252e-04  6.3872e-04  1.0393e-03  1.0393e-03  -3.03963035e+04  -3.03331842e+04     45.48    242.006  45  0.000e+00  0.000e+00
  5350  7.9069e-04  6.4151e-04  1.0214e-03  1.0214e-03  -3.03948030e+04  -3.03327763e+04     45.16    243.144  45  0.000e+00  0.000e+00
  5375  7.9034e-04  6.1354e-04  1.0983e-03  1.0983e-03  -3.03970113e+04  -3.03303152e+04     45.37    244.281  45  0.000e+00  0.000e+00
  5400  8.0630e-04  6.2019e-04  1.0352e-03  1.0352e-03  -3.03972009e+04  -3.03343330e+04     45.17    245.422  45  0.000e+00  0.000e+00
  5425  7.9921e-04  6.1472e-04  1.0589e-03  1.0589e-03  -3.03960128e+04  -3.03317057e+04     45.35    246.558  45  0.000e+00  0.000e+00
  5450  7.9391e-04  6.3298e-04  1.0896e-03  1.0896e-03  -3.03977026e+04  -3.03315320e+04     46.21    247.697  45  0.000e+00  0.000e+00
  5475  7.8561e-04  6.2286e-04  1.0404e-03  1.0404e-03  -3.03975429e+04  -3.03343578e+04     45.56    248.835  45  0.000e+00  0.000e+00
# gate it=5500 k=350 kw=175 s1=3.294e+02 s_kw/s1=1.481e-02 fired=1 clipped_neg=45 clipped_pos=0 fired_frac_last250=1.000
# deflate it=5500 alpha=2.900e+01 theta=3.294e+01 clipped_neg=45 clipped_pos=0
  5500  7.9692e-04  6.2279e-04  1.0744e-03  1.0744e-03  -3.03972313e+04  -3.03319828e+04     45.32    249.974  45  0.000e+00  0.000e+00
  5525  7.9483e-04  6.1975e-04  1.0871e-03  1.0871e-03  -3.03984056e+04  -3.03323845e+04     45.29    251.113  45  0.000e+00  0.000e+00
  5550  7.8751e-04  6.0558e-04  1.0103e-03  1.0103e-03  -3.03989326e+04  -3.03375684e+04     46.34    252.253  45  0.000e+00  0.000e+00
  5575  8.0102e-04  6.0949e-04  1.0034e-03  1.0034e-03  -3.03972126e+04  -3.03362703e+04     45.29    253.392  45  0.000e+00  0.000e+00
  5600  8.0189e-04  5.9742e-04  1.0860e-03  1.0860e-03  -3.03995024e+04  -3.03335455e+04     46.02    254.531  45  0.000e+00  0.000e+00
  5625  7.9138e-04  6.2936e-04  1.0099e-03  1.0099e-03  -3.03995211e+04  -3.03381817e+04     46.00    255.672  45  0.000e+00  0.000e+00
  5650  7.9355e-04  6.5932e-04  9.7959e-04  9.7959e-04  -3.03991986e+04  -3.03396987e+04     45.44    256.811  45  0.000e+00  0.000e+00
  5675  8.0374e-04  6.3828e-04  1.0158e-03  1.0158e-03  -3.03992509e+04  -3.03375564e+04     46.71    257.953  44  0.000e+00  0.000e+00
  5700  8.0990e-04  6.1606e-04  9.9076e-04  9.9076e-04  -3.03999117e+04  -3.03397325e+04     45.98    259.092  44  0.000e+00  0.000e+00
  5725  8.0434e-04  6.0824e-04  9.8358e-04  9.8358e-04  -3.03995575e+04  -3.03398143e+04     45.04    260.232  44  0.000e+00  0.000e+00
# gate it=5750 k=350 kw=175 s1=3.366e+02 s_kw/s1=1.449e-02 fired=1 clipped_neg=44 clipped_pos=0 fired_frac_last250=1.000
# deflate it=5750 alpha=3.955e+01 theta=3.366e+01 clipped_neg=44 clipped_pos=0
  5750  7.9738e-04  5.9588e-04  1.0001e-03  1.0001e-03  -3.03998834e+04  -3.03391377e+04     45.07    261.369  44  0.000e+00  0.000e+00
  5775  8.0165e-04  5.9741e-04  1.0115e-03  1.0115e-03  -3.04005452e+04  -3.03391045e+04     45.50    262.508  44  0.000e+00  0.000e+00
  5800  7.9168e-04  6.0287e-04  9.9483e-04  9.9483e-04  -3.04006315e+04  -3.03402039e+04     45.30    263.650  44  0.000e+00  0.000e+00
  5825  8.1428e-04  6.2745e-04  1.0102e-03  1.0102e-03  -3.04006360e+04  -3.03392748e+04     45.59    264.788  43  0.000e+00  0.000e+00
  5850  8.0203e-04  6.1407e-04  1.0007e-03  1.0007e-03  -3.04010197e+04  -3.03402341e+04     45.67    265.929  43  0.000e+00  0.000e+00
  5875  8.0777e-04  6.3552e-04  9.9871e-04  9.9871e-04  -3.04014870e+04  -3.03408220e+04     45.29    267.069  43  0.000e+00  0.000e+00
  5900  7.9582e-04  6.1300e-04  9.4384e-04  9.4384e-04  -3.04016915e+04  -3.03443563e+04     46.08    268.206  43  0.000e+00  0.000e+00
  5925  8.2279e-04  6.5401e-04  9.6972e-04  9.6972e-04  -3.04013941e+04  -3.03424888e+04     45.42    269.343  43  0.000e+00  0.000e+00
  5950  7.9896e-04  6.7414e-04  9.7861e-04  9.7861e-04  -3.04020979e+04  -3.03426516e+04     45.46    270.483  42  0.000e+00  0.000e+00
  5975  7.9217e-04  6.1611e-04  9.4685e-04  9.4685e-04  -3.04017262e+04  -3.03442082e+04     45.14    271.619  42  0.000e+00  0.000e+00
# gate it=6000 k=350 kw=175 s1=3.436e+02 s_kw/s1=1.419e-02 fired=1 clipped_neg=42 clipped_pos=0 fired_frac_last250=1.000
# deflate it=6000 alpha=4.198e+01 theta=3.436e+01 clipped_neg=42 clipped_pos=0
  6000  7.9261e-04  6.5911e-04  9.7656e-04  9.7656e-04  -3.04021442e+04  -3.03428219e+04     46.85    272.759  42  0.000e+00  0.000e+00
  6025  8.0164e-04  6.5657e-04  9.6326e-04  9.6326e-04  -3.04023640e+04  -3.03438487e+04     45.64    273.903  42  0.000e+00  0.000e+00
  6050  7.9816e-04  6.0702e-04  9.7475e-04  9.7475e-04  -3.04026691e+04  -3.03434559e+04     45.78    275.040  42  0.000e+00  0.000e+00
  6075  7.8944e-04  6.6728e-04  9.7008e-04  9.7008e-04  -3.04028804e+04  -3.03439502e+04     46.00    276.182  42  0.000e+00  0.000e+00
  6100  8.0415e-04  6.0661e-04  9.6274e-04  9.6274e-04  -3.04025827e+04  -3.03440983e+04     45.11    277.318  42  0.000e+00  0.000e+00
  6125  8.0265e-04  6.0918e-04  9.4640e-04  9.4640e-04  -3.04041283e+04  -3.03466329e+04     45.94    278.461  42  0.000e+00  0.000e+00
  6150  7.9098e-04  6.1936e-04  8.9073e-04  8.9073e-04  -3.04029809e+04  -3.03488666e+04     45.38    279.597  42  0.000e+00  0.000e+00
  6175  8.1524e-04  5.8823e-04  9.7427e-04  9.7427e-04  -3.04036948e+04  -3.03445085e+04     45.17    280.742  42  0.000e+00  0.000e+00
  6200  8.0621e-04  5.7713e-04  9.4370e-04  9.4370e-04  -3.04048572e+04  -3.03475245e+04     44.97    281.880  42  0.000e+00  0.000e+00
  6225  8.1039e-04  6.4154e-04  8.5150e-04  8.5150e-04  -3.04037874e+04  -3.03520529e+04     45.70    283.019  42  0.000e+00  0.000e+00
# gate it=6250 k=350 kw=175 s1=3.503e+02 s_kw/s1=1.392e-02 fired=1 clipped_neg=42 clipped_pos=0 fired_frac_last250=1.000
# deflate it=6250 alpha=3.322e+01 theta=3.503e+01 clipped_neg=42 clipped_pos=0
  6250  8.0344e-04  5.7560e-04  8.9485e-04  8.9485e-04  -3.04031903e+04  -3.03488256e+04     45.71    284.158  42  0.000e+00  0.000e+00
  6275  7.8695e-04  5.6488e-04  9.2193e-04  9.2193e-04  -3.04047991e+04  -3.03487874e+04     46.16    285.296  42  0.000e+00  0.000e+00
  6300  7.8132e-04  5.8152e-04  8.6569e-04  8.6569e-04  -3.04044861e+04  -3.03518892e+04     45.60    286.434  42  0.000e+00  0.000e+00
  6325  7.9961e-04  5.8887e-04  9.0382e-04  9.0382e-04  -3.04044206e+04  -3.03495089e+04     45.10    287.571  42  0.000e+00  0.000e+00
  6350  7.9590e-04  5.9211e-04  9.3333e-04  9.3333e-04  -3.04051713e+04  -3.03484673e+04     45.13    288.709  41  0.000e+00  0.000e+00
  6375  8.0340e-04  6.5184e-04  8.5975e-04  8.5975e-04  -3.04049828e+04  -3.03527453e+04     45.93    289.844  41  0.000e+00  0.000e+00
  6400  7.6914e-04  5.9017e-04  9.1205e-04  9.1205e-04  -3.04047377e+04  -3.03493258e+04     45.66    290.981  41  0.000e+00  0.000e+00
  6425  7.9537e-04  5.8827e-04  9.2270e-04  9.2270e-04  -3.04059416e+04  -3.03498810e+04     44.92    292.119  41  0.000e+00  0.000e+00
  6450  7.9096e-04  5.8679e-04  8.7559e-04  8.7559e-04  -3.04055643e+04  -3.03523644e+04     45.12    293.261  41  0.000e+00  0.000e+00
  6475  8.0221e-04  6.2066e-04  9.0578e-04  9.0578e-04  -3.04052125e+04  -3.03501806e+04     45.30    294.404  41  0.000e+00  0.000e+00
# gate it=6500 k=350 kw=175 s1=3.568e+02 s_kw/s1=1.366e-02 fired=1 clipped_neg=41 clipped_pos=0 fired_frac_last250=1.000
# deflate it=6500 alpha=5.096e+01 theta=3.568e+01 clipped_neg=41 clipped_pos=0
  6500  7.9826e-04  6.4199e-04  9.3873e-04  9.3873e-04  -3.04064908e+04  -3.03494564e+04     45.73    295.541  41  0.000e+00  0.000e+00
  6525  7.9171e-04  5.7933e-04  8.8814e-04  8.8814e-04  -3.04066624e+04  -3.03526989e+04     45.01    296.683  41  0.000e+00  0.000e+00
  6550  7.9025e-04  6.4358e-04  9.0209e-04  9.0209e-04  -3.04057596e+04  -3.03509507e+04     45.63    297.822  40  0.000e+00  0.000e+00
  6575  7.9934e-04  5.8977e-04  9.3884e-04  9.3884e-04  -3.04068427e+04  -3.03498009e+04     45.88    298.959  40  0.000e+00  0.000e+00
  6600  7.9339e-04  5.9348e-04  9.0098e-04  9.0098e-04  -3.04071031e+04  -3.03523591e+04     45.49    300.095  40  0.000e+00  0.000e+00
  6625  7.9875e-04  6.3496e-04  8.9867e-04  8.9867e-04  -3.04068106e+04  -3.03522076e+04     45.93    301.239  40  0.000e+00  0.000e+00
  6650  8.0500e-04  5.9073e-04  8.6627e-04  8.6627e-04  -3.04071662e+04  -3.03545296e+04     45.15    302.375  40  0.000e+00  0.000e+00
  6675  7.8954e-04  6.1762e-04  8.2905e-04  8.2905e-04  -3.04064131e+04  -3.03560370e+04     45.25    303.514  40  0.000e+00  0.000e+00
  6700  7.9667e-04  5.8035e-04  9.2899e-04  9.2899e-04  -3.04076290e+04  -3.03511835e+04     45.76    304.651  40  0.000e+00  0.000e+00
  6725  7.9468e-04  5.9268e-04  8.6570e-04  8.6570e-04  -3.04081168e+04  -3.03555129e+04     45.98    305.795  40  0.000e+00  0.000e+00
# gate it=6750 k=350 kw=175 s1=3.631e+02 s_kw/s1=1.341e-02 fired=1 clipped_neg=40 clipped_pos=0 fired_frac_last250=1.000
# deflate it=6750 alpha=3.311e+01 theta=3.631e+01 clipped_neg=40 clipped_pos=0
  6750  7.8931e-04  5.7128e-04  8.2956e-04  8.2956e-04  -3.04068612e+04  -3.03564536e+04     45.08    306.932  40  0.000e+00  0.000e+00
  6775  7.9268e-04  5.7870e-04  8.9553e-04  8.9553e-04  -3.04072120e+04  -3.03527986e+04     46.41    308.071  40  0.000e+00  0.000e+00
  6800  7.9064e-04  5.7068e-04  8.9148e-04  8.9148e-04  -3.04084397e+04  -3.03542701e+04     46.29    309.214  40  0.000e+00  0.000e+00
  6825  7.8767e-04  6.0119e-04  8.3004e-04  8.3004e-04  -3.04076986e+04  -3.03572602e+04     46.07    310.355  40  0.000e+00  0.000e+00
  6850  7.9815e-04  5.8677e-04  8.7503e-04  8.7503e-04  -3.04072584e+04  -3.03540896e+04     45.81    311.494  40  0.000e+00  0.000e+00
  6875  7.8620e-04  5.9886e-04  9.1801e-04  9.1801e-04  -3.04090656e+04  -3.03532845e+04     45.01    312.631  40  0.000e+00  0.000e+00
  6900  8.0383e-04  6.1198e-04  8.5600e-04  8.5600e-04  -3.04088867e+04  -3.03568703e+04     45.51    313.775  40  0.000e+00  0.000e+00
  6925  7.9623e-04  6.0457e-04  8.7219e-04  8.7219e-04  -3.04080589e+04  -3.03550611e+04     45.46    314.911  40  0.000e+00  0.000e+00
  6950  7.8851e-04  5.9923e-04  9.2097e-04  9.2097e-04  -3.04091944e+04  -3.03532331e+04     45.66    316.051  39  0.000e+00  0.000e+00
  6975  7.8975e-04  5.7954e-04  7.8126e-04  7.8975e-04  -3.04095146e+04  -3.03620353e+04     45.23    317.190  39  0.000e+00  0.000e+00
# gate it=7000 k=350 kw=175 s1=3.693e+02 s_kw/s1=1.318e-02 fired=1 clipped_neg=39 clipped_pos=0 fired_frac_last250=1.000
# deflate it=7000 alpha=5.651e+01 theta=3.693e+01 clipped_neg=39 clipped_pos=0
  7000  7.8627e-04  5.7922e-04  7.8628e-04  7.8628e-04  -3.04067968e+04  -3.03590170e+04     45.76    318.328  39  0.000e+00  0.000e+00
  7025  8.0486e-04  6.0981e-04  9.2572e-04  9.2572e-04  -3.04093163e+04  -3.03530664e+04     45.62    319.466  39  0.000e+00  0.000e+00
  7050  7.9203e-04  5.7318e-04  8.2823e-04  8.2823e-04  -3.04108097e+04  -3.03604761e+04     45.47    320.604  39  0.000e+00  0.000e+00
  7075  7.9857e-04  5.7591e-04  7.9046e-04  7.9857e-04  -3.04080346e+04  -3.03599992e+04     45.17    321.743  39  0.000e+00  0.000e+00
  7100  7.7751e-04  5.6728e-04  9.0097e-04  9.0097e-04  -3.04098974e+04  -3.03551489e+04     45.49    322.881  39  0.000e+00  0.000e+00
  7125  7.9792e-04  5.6256e-04  8.3901e-04  8.3901e-04  -3.04104661e+04  -3.03594785e+04     45.55    324.017  39  0.000e+00  0.000e+00
  7150  7.9258e-04  6.0148e-04  8.2554e-04  8.2554e-04  -3.04091487e+04  -3.03589816e+04     46.06    325.155  39  0.000e+00  0.000e+00
  7175  7.8898e-04  5.5742e-04  8.6284e-04  8.6284e-04  -3.04097255e+04  -3.03572925e+04     46.10    326.298  39  0.000e+00  0.000e+00
  7200  7.9957e-04  5.6987e-04  8.6321e-04  8.6321e-04  -3.04107335e+04  -3.03582764e+04     45.37    327.436  39  0.000e+00  0.000e+00
  7225  7.8927e-04  6.0705e-04  8.4402e-04  8.4402e-04  -3.04104866e+04  -3.03591949e+04     45.69    328.577  39  0.000e+00  0.000e+00
# gate it=7250 k=350 kw=175 s1=3.753e+02 s_kw/s1=1.297e-02 fired=1 clipped_neg=39 clipped_pos=0 fired_frac_last250=1.000
# deflate it=7250 alpha=5.214e+01 theta=3.753e+01 clipped_neg=39 clipped_pos=0
  7250  7.8458e-04  5.5540e-04  8.7293e-04  8.7293e-04  -3.04105995e+04  -3.03575520e+04     45.21    329.712  39  0.000e+00  0.000e+00
  7275  8.0779e-04  5.6379e-04  8.6377e-04  8.6377e-04  -3.04113725e+04  -3.03588802e+04     45.54    330.853  39  0.000e+00  0.000e+00
  7300  7.9457e-04  5.5043e-04  7.8699e-04  7.9457e-04  -3.04112049e+04  -3.03633753e+04     45.09    331.991  39  0.000e+00  0.000e+00
  7325  7.9168e-04  5.5035e-04  7.8255e-04  7.9168e-04  -3.04097291e+04  -3.03621711e+04     47.12    333.131  39  0.000e+00  0.000e+00
  7350  7.9373e-04  5.9860e-04  8.5000e-04  8.5000e-04  -3.04108448e+04  -3.03591896e+04     45.48    334.268  39  0.000e+00  0.000e+00
  7375  8.0516e-04  5.7614e-04  8.2837e-04  8.2837e-04  -3.04120837e+04  -3.03617399e+04     44.96    335.406  39  0.000e+00  0.000e+00
  7400  7.9275e-04  6.1583e-04  7.6727e-04  7.9275e-04  -3.04108591e+04  -3.03642274e+04     45.12    336.545  38  0.000e+00  0.000e+00
  7425  7.8130e-04  6.1832e-04  8.4246e-04  8.4246e-04  -3.04110662e+04  -3.03598680e+04     45.47    337.681  38  0.000e+00  0.000e+00
  7450  7.8850e-04  6.1603e-04  8.3511e-04  8.3511e-04  -3.04119646e+04  -3.03612116e+04     45.54    338.821  38  0.000e+00  0.000e+00
  7475  7.9052e-04  5.7671e-04  7.9305e-04  7.9305e-04  -3.04114696e+04  -3.03632714e+04     45.52    339.962  38  0.000e+00  0.000e+00
# gate it=7500 k=350 kw=175 s1=3.811e+02 s_kw/s1=1.277e-02 fired=1 clipped_neg=38 clipped_pos=0 fired_frac_last250=1.000
# deflate it=7500 alpha=3.816e+01 theta=3.811e+01 clipped_neg=38 clipped_pos=0
  7500  7.9856e-04  5.7405e-04  8.0738e-04  8.0738e-04  -3.04115053e+04  -3.03624371e+04     45.82    341.098  38  0.000e+00  0.000e+00
  7525  8.0462e-04  5.5007e-04  8.2314e-04  8.2314e-04  -3.04114456e+04  -3.03614200e+04     45.47    342.237  38  0.000e+00  0.000e+00
  7550  7.9057e-04  5.8727e-04  8.2933e-04  8.2933e-04  -3.04119897e+04  -3.03615873e+04     45.07    343.377  38  0.000e+00  0.000e+00
  7575  7.9895e-04  6.5271e-04  8.2087e-04  8.2087e-04  -3.04125507e+04  -3.03626611e+04     45.39    344.514  38  0.000e+00  0.000e+00
  7600  7.9111e-04  5.7171e-04  8.1515e-04  8.1515e-04  -3.04115946e+04  -3.03620542e+04     45.82    345.654  38  0.000e+00  0.000e+00
  7625  8.0180e-04  5.5547e-04  8.3870e-04  8.3870e-04  -3.04128483e+04  -3.03618757e+04     45.33    346.791  38  0.000e+00  0.000e+00
  7650  7.9104e-04  5.6796e-04  8.2170e-04  8.2170e-04  -3.04125701e+04  -3.03626305e+04     45.80    347.928  38  0.000e+00  0.000e+00
  7675  7.9832e-04  5.8083e-04  8.2918e-04  8.2918e-04  -3.04122277e+04  -3.03618341e+04     45.27    349.064  38  0.000e+00  0.000e+00
  7700  7.8300e-04  5.4230e-04  8.2666e-04  8.2666e-04  -3.04135682e+04  -3.03633255e+04     45.17    350.204  38  0.000e+00  0.000e+00
  7725  8.1193e-04  5.6465e-04  8.0523e-04  8.1193e-04  -3.04123499e+04  -3.03634107e+04     45.41    351.343  38  0.000e+00  0.000e+00
# gate it=7750 k=350 kw=175 s1=3.869e+02 s_kw/s1=1.257e-02 fired=1 clipped_neg=38 clipped_pos=0 fired_frac_last250=1.000
# deflate it=7750 alpha=4.891e+01 theta=3.869e+01 clipped_neg=38 clipped_pos=0
  7750  7.8508e-04  5.6754e-04  8.4774e-04  8.4774e-04  -3.04133275e+04  -3.03618053e+04     46.62    352.480  38  0.000e+00  0.000e+00
  7775  7.8842e-04  5.6628e-04  8.1837e-04  8.1837e-04  -3.04134717e+04  -3.03637325e+04     45.60    353.622  38  0.000e+00  0.000e+00
  7800  7.8919e-04  5.7344e-04  8.1655e-04  8.1655e-04  -3.04127839e+04  -3.03631562e+04     45.10    354.756  38  0.000e+00  0.000e+00
  7825  8.0202e-04  5.5605e-04  8.5207e-04  8.5207e-04  -3.04134824e+04  -3.03616970e+04     44.89    355.894  38  0.000e+00  0.000e+00
  7850  7.8943e-04  5.9723e-04  8.2487e-04  8.2487e-04  -3.04138879e+04  -3.03637534e+04     45.92    357.032  37  0.000e+00  0.000e+00
  7875  7.9051e-04  5.5555e-04  8.0573e-04  8.0573e-04  -3.04135905e+04  -3.03646187e+04     45.45    358.171  37  0.000e+00  0.000e+00
  7900  7.9293e-04  5.5905e-04  8.4274e-04  8.4274e-04  -3.04135192e+04  -3.03623001e+04     45.87    359.310  37  0.000e+00  0.000e+00
  7925  7.9231e-04  5.8038e-04  8.3679e-04  8.3679e-04  -3.04143040e+04  -3.03634447e+04     45.21    360.446  37  0.000e+00  0.000e+00
  7950  8.0369e-04  5.5348e-04  8.0996e-04  8.0996e-04  -3.04140928e+04  -3.03648635e+04     45.65    361.592  37  0.000e+00  0.000e+00
  7975  8.0494e-04  5.8374e-04  7.9006e-04  8.0494e-04  -3.04145850e+04  -3.03665637e+04     46.37    362.732  37  0.000e+00  0.000e+00
# gate it=8000 k=350 kw=175 s1=3.925e+02 s_kw/s1=1.238e-02 fired=1 clipped_neg=37 clipped_pos=0 fired_frac_last250=1.000
# deflate it=8000 alpha=4.321e+01 theta=3.925e+01 clipped_neg=37 clipped_pos=0
  8000  7.8453e-04  5.4791e-04  7.8065e-04  7.8453e-04  -3.04140568e+04  -3.03666074e+04     45.52    363.868  37  0.000e+00  0.000e+00
  8025  8.0546e-04  5.5221e-04  8.1397e-04  8.1397e-04  -3.04140081e+04  -3.03645353e+04     45.41    365.006  37  0.000e+00  0.000e+00
  8050  8.0809e-04  6.2807e-04  7.8641e-04  8.0809e-04  -3.04146662e+04  -3.03668662e+04     45.21    366.143  37  0.000e+00  0.000e+00
  8075  7.9330e-04  5.4757e-04  7.8120e-04  7.9330e-04  -3.04147504e+04  -3.03672668e+04     46.60    367.284  37  0.000e+00  0.000e+00
  8100  7.8828e-04  5.4144e-04  8.0663e-04  8.0663e-04  -3.04151801e+04  -3.03661511e+04     45.48    368.420  37  0.000e+00  0.000e+00
  8125  7.9536e-04  5.4002e-04  7.7162e-04  7.9536e-04  -3.04154872e+04  -3.03685842e+04     45.74    369.561  37  0.000e+00  0.000e+00
  8150  7.9168e-04  5.7129e-04  7.2052e-04  7.9168e-04  -3.04144740e+04  -3.03706763e+04     45.73    370.704  37  0.000e+00  0.000e+00
  8175  7.8995e-04  5.2890e-04  7.4218e-04  7.8995e-04  -3.04137247e+04  -3.03686124e+04     44.96    371.842  37  0.000e+00  0.000e+00
  8200  7.8702e-04  6.0524e-04  7.8844e-04  7.8844e-04  -3.04154490e+04  -3.03675245e+04     45.31    372.983  37  0.000e+00  0.000e+00
  8225  7.9604e-04  5.4653e-04  7.4912e-04  7.9604e-04  -3.04161885e+04  -3.03706508e+04     45.47    374.119  37  0.000e+00  0.000e+00
# gate it=8250 k=350 kw=175 s1=3.979e+02 s_kw/s1=1.221e-02 fired=1 clipped_neg=37 clipped_pos=0 fired_frac_last250=1.000
# deflate it=8250 alpha=5.055e+01 theta=3.979e+01 clipped_neg=37 clipped_pos=0
  8250  7.8949e-04  5.5451e-04  7.4235e-04  7.8949e-04  -3.04148141e+04  -3.03696900e+04     46.22    375.257  37  0.000e+00  0.000e+00
  8275  7.7781e-04  5.8399e-04  7.7270e-04  7.7781e-04  -3.04153166e+04  -3.03683483e+04     45.47    376.394  37  0.000e+00  0.000e+00
  8300  7.8671e-04  5.5659e-04  7.4017e-04  7.8671e-04  -3.04156316e+04  -3.03706389e+04     45.55    377.532  36  0.000e+00  0.000e+00
  8325  7.8835e-04  5.4939e-04  7.3429e-04  7.8835e-04  -3.04147463e+04  -3.03701117e+04     45.28    378.671  36  0.000e+00  0.000e+00
  8350  7.9479e-04  5.5754e-04  7.4765e-04  7.9479e-04  -3.04161103e+04  -3.03706624e+04     45.40    379.809  36  0.000e+00  0.000e+00
  8375  7.9978e-04  5.2932e-04  6.8610e-04  7.9978e-04  -3.04158846e+04  -3.03741761e+04     45.03    380.945  36  0.000e+00  0.000e+00
  8400  7.9735e-04  5.5424e-04  7.1414e-04  7.9735e-04  -3.04152593e+04  -3.03718480e+04     46.95    382.085  36  0.000e+00  0.000e+00
  8425  7.9430e-04  5.6765e-04  7.2489e-04  7.9430e-04  -3.04154477e+04  -3.03713833e+04     45.31    383.227  36  0.000e+00  0.000e+00
  8450  7.8211e-04  5.7340e-04  7.1477e-04  7.8211e-04  -3.04155385e+04  -3.03720886e+04     45.90    384.365  36  0.000e+00  0.000e+00
  8475  7.9379e-04  5.6175e-04  6.9127e-04  7.9379e-04  -3.04159637e+04  -3.03739406e+04     46.53    385.510  36  0.000e+00  0.000e+00
# gate it=8500 k=350 kw=175 s1=4.032e+02 s_kw/s1=1.205e-02 fired=1 clipped_neg=36 clipped_pos=0 fired_frac_last250=1.000
# deflate it=8500 alpha=4.786e+01 theta=4.032e+01 clipped_neg=36 clipped_pos=0
  8500  7.9970e-04  5.5571e-04  7.2530e-04  7.9970e-04  -3.04155946e+04  -3.03715052e+04     45.45    386.648  36  0.000e+00  0.000e+00
  8525  7.8398e-04  5.3795e-04  7.3668e-04  7.8398e-04  -3.04162168e+04  -3.03714349e+04     45.81    387.789  36  0.000e+00  0.000e+00
  8550  7.9947e-04  5.2327e-04  7.3906e-04  7.9947e-04  -3.04173419e+04  -3.03724142e+04     45.13    388.925  36  0.000e+00  0.000e+00
  8575  7.8274e-04  5.6905e-04  6.9658e-04  7.8274e-04  -3.04160505e+04  -3.03737051e+04     45.32    390.063  36  0.000e+00  0.000e+00
  8600  7.8443e-04  5.5449e-04  7.3522e-04  7.8443e-04  -3.04164794e+04  -3.03717859e+04     45.65    391.201  36  0.000e+00  0.000e+00
  8625  7.9284e-04  5.7699e-04  7.3276e-04  7.9284e-04  -3.04171856e+04  -3.03726403e+04     46.95    392.342  36  0.000e+00  0.000e+00
  8650  7.8929e-04  5.7142e-04  7.0968e-04  7.8929e-04  -3.04172362e+04  -3.03740929e+04     45.77    393.483  36  0.000e+00  0.000e+00
  8675  7.9091e-04  5.9894e-04  7.1238e-04  7.9091e-04  -3.04159417e+04  -3.03726365e+04     46.00    394.621  35  0.000e+00  0.000e+00
  8700  7.9923e-04  5.6138e-04  7.4337e-04  7.9923e-04  -3.04171870e+04  -3.03719972e+04     44.95    395.918  35  0.000e+00  0.000e+00
  8725  8.0114e-04  5.6761e-04  7.0071e-04  8.0114e-04  -3.04163160e+04  -3.03737193e+04     45.40    397.055  35  0.000e+00  0.000e+00
# gate it=8750 k=350 kw=175 s1=4.083e+02 s_kw/s1=1.190e-02 fired=1 clipped_neg=35 clipped_pos=0 fired_frac_last250=1.000
# deflate it=8750 alpha=6.231e+01 theta=4.083e+01 clipped_neg=35 clipped_pos=0
  8750  7.9685e-04  5.3899e-04  7.4055e-04  7.9685e-04  -3.04172427e+04  -3.03722242e+04     45.30    398.195  35  0.000e+00  0.000e+00
  8775  7.7534e-04  5.4690e-04  7.2881e-04  7.7534e-04  -3.04170562e+04  -3.03727509e+04     45.23    399.335  35  0.000e+00  0.000e+00
  8800  7.9911e-04  5.4476e-04  7.1845e-04  7.9911e-04  -3.04178222e+04  -3.03741456e+04     46.32    400.475  35  0.000e+00  0.000e+00
  8825  7.9133e-04  5.4430e-04  7.1338e-04  7.9133e-04  -3.04175207e+04  -3.03741524e+04     45.85    401.614  35  0.000e+00  0.000e+00
  8850  7.8498e-04  5.4037e-04  7.3727e-04  7.8498e-04  -3.04173436e+04  -3.03725246e+04     45.11    402.750  35  0.000e+00  0.000e+00
  8875  7.9478e-04  5.5747e-04  7.1531e-04  7.9478e-04  -3.04176312e+04  -3.03741456e+04     45.27    403.890  35  0.000e+00  0.000e+00
  8900  7.9174e-04  5.4206e-04  7.3116e-04  7.9174e-04  -3.04174279e+04  -3.03729797e+04     45.16    405.032  35  0.000e+00  0.000e+00
  8925  7.8537e-04  5.3634e-04  7.2978e-04  7.8537e-04  -3.04181928e+04  -3.03738271e+04     45.48    406.175  35  0.000e+00  0.000e+00
  8950  8.0457e-04  5.4816e-04  7.2348e-04  8.0457e-04  -3.04179530e+04  -3.03739703e+04     45.31    407.313  35  0.000e+00  0.000e+00
  8975  7.9750e-04  5.5517e-04  7.3329e-04  7.9750e-04  -3.04179041e+04  -3.03733258e+04     45.06    408.453  35  0.000e+00  0.000e+00
# gate it=9000 k=350 kw=175 s1=4.134e+02 s_kw/s1=1.174e-02 fired=1 clipped_neg=35 clipped_pos=0 fired_frac_last250=1.000
# deflate it=9000 alpha=3.740e+01 theta=4.134e+01 clipped_neg=35 clipped_pos=0
  9000  8.0356e-04  5.3245e-04  7.0876e-04  8.0356e-04  -3.04186753e+04  -3.03755863e+04     45.12    409.589  35  0.000e+00  0.000e+00
  9025  7.9213e-04  5.2524e-04  6.2655e-04  7.9213e-04  -3.04175482e+04  -3.03794554e+04     45.99    410.730  35  0.000e+00  0.000e+00
  9050  7.8950e-04  5.1361e-04  7.0233e-04  7.8950e-04  -3.04177542e+04  -3.03750566e+04     45.45    411.867  35  0.000e+00  0.000e+00
  9075  7.9097e-04  5.5237e-04  7.1881e-04  7.9097e-04  -3.04186519e+04  -3.03749519e+04     44.94    413.001  35  0.000e+00  0.000e+00
  9100  7.9420e-04  6.2156e-04  6.8325e-04  7.9420e-04  -3.04187974e+04  -3.03772576e+04     45.24    414.139  35  0.000e+00  0.000e+00
  9125  7.8791e-04  5.1436e-04  6.8523e-04  7.8791e-04  -3.04185126e+04  -3.03768533e+04     46.17    415.275  35  0.000e+00  0.000e+00
  9150  8.0830e-04  5.6180e-04  6.9359e-04  8.0830e-04  -3.04189049e+04  -3.03767366e+04     45.35    416.413  35  0.000e+00  0.000e+00
  9175  7.8648e-04  5.5027e-04  6.9432e-04  7.8648e-04  -3.04183642e+04  -3.03761524e+04     44.98    417.549  35  0.000e+00  0.000e+00
  9200  7.9987e-04  5.4479e-04  6.4487e-04  7.9987e-04  -3.04193581e+04  -3.03801496e+04     45.04    418.693  34  0.000e+00  0.000e+00
  9225  8.0042e-04  5.3680e-04  6.1368e-04  8.0042e-04  -3.04183539e+04  -3.03810416e+04     45.27    419.831  34  0.000e+00  0.000e+00
# gate it=9250 k=350 kw=175 s1=4.183e+02 s_kw/s1=1.161e-02 fired=1 clipped_neg=34 clipped_pos=0 fired_frac_last250=1.000
# deflate it=9250 alpha=5.137e+01 theta=4.183e+01 clipped_neg=34 clipped_pos=0
  9250  8.0433e-04  5.3832e-04  6.8810e-04  8.0433e-04  -3.04186070e+04  -3.03767731e+04     45.43    420.972  34  0.000e+00  0.000e+00
  9275  8.0779e-04  5.5110e-04  6.7349e-04  8.0779e-04  -3.04197175e+04  -3.03787694e+04     45.72    422.110  34  0.000e+00  0.000e+00
  9300  7.9747e-04  5.4696e-04  6.0766e-04  7.9747e-04  -3.04186734e+04  -3.03817269e+04     45.83    423.250  34  0.000e+00  0.000e+00
  9325  7.9310e-04  6.0498e-04  6.4924e-04  7.9310e-04  -3.04183820e+04  -3.03789095e+04     45.49    424.389  34  0.000e+00  0.000e+00
  9350  8.1363e-04  5.3688e-04  6.9101e-04  8.1363e-04  -3.04191992e+04  -3.03771878e+04     46.85    425.530  34  0.000e+00  0.000e+00
  9375  7.9508e-04  5.5598e-04  6.5088e-04  7.9508e-04  -3.04196762e+04  -3.03801020e+04     45.14    426.668  34  0.000e+00  0.000e+00
  9400  8.0670e-04  5.5492e-04  6.1122e-04  8.0670e-04  -3.04189600e+04  -3.03817966e+04     45.19    427.807  34  0.000e+00  0.000e+00
  9425  8.1063e-04  6.2146e-04  6.8179e-04  8.1063e-04  -3.04191810e+04  -3.03777296e+04     45.26    428.947  34  0.000e+00  0.000e+00
  9450  7.7814e-04  6.0340e-04  6.7780e-04  7.7814e-04  -3.04200962e+04  -3.03788858e+04     45.19    430.086  34  0.000e+00  0.000e+00
  9475  7.9317e-04  5.2474e-04  6.2047e-04  7.9317e-04  -3.04195938e+04  -3.03818678e+04     45.24    431.313  34  0.000e+00  0.000e+00
# gate it=9500 k=350 kw=175 s1=4.231e+02 s_kw/s1=1.146e-02 fired=1 clipped_neg=34 clipped_pos=0 fired_frac_last250=1.000
# deflate it=9500 alpha=5.908e+01 theta=4.231e+01 clipped_neg=34 clipped_pos=0
  9500  8.0184e-04  5.9874e-04  6.3987e-04  8.0184e-04  -3.04190406e+04  -3.03801361e+04     45.47    432.453  34  0.000e+00  0.000e+00
  9525  8.0283e-04  6.0858e-04  6.9753e-04  8.0283e-04  -3.04203595e+04  -3.03779503e+04     45.11    433.591  34  0.000e+00  0.000e+00
  9550  8.0551e-04  5.9095e-04  6.3825e-04  8.0551e-04  -3.04202496e+04  -3.03814425e+04     45.82    434.731  34  0.000e+00  0.000e+00
  9575  7.9809e-04  5.4340e-04  6.3379e-04  7.9809e-04  -3.04196008e+04  -3.03810656e+04     45.40    435.873  34  0.000e+00  0.000e+00
  9600  7.9080e-04  5.6810e-04  6.7977e-04  7.9080e-04  -3.04202989e+04  -3.03789688e+04     45.96    437.011  34  0.000e+00  0.000e+00
  9625  8.0662e-04  5.1518e-04  6.5466e-04  8.0662e-04  -3.04201116e+04  -3.03803074e+04     46.46    438.152  34  0.000e+00  0.000e+00
  9650  8.0469e-04  5.3356e-04  6.3078e-04  8.0469e-04  -3.04201446e+04  -3.03817914e+04     45.58    439.290  34  0.000e+00  0.000e+00
  9675  7.9808e-04  5.8585e-04  6.6574e-04  7.9808e-04  -3.04203284e+04  -3.03798505e+04     45.62    440.428  34  0.000e+00  0.000e+00
  9700  7.9561e-04  5.5305e-04  6.7137e-04  7.9561e-04  -3.04200127e+04  -3.03791932e+04     45.16    441.565  34  0.000e+00  0.000e+00
  9725  7.9777e-04  5.1247e-04  6.5946e-04  7.9777e-04  -3.04210860e+04  -3.03809890e+04     45.56    442.703  34  0.000e+00  0.000e+00
# gate it=9750 k=350 kw=175 s1=4.277e+02 s_kw/s1=1.134e-02 fired=1 clipped_neg=34 clipped_pos=0 fired_frac_last250=1.000
# deflate it=9750 alpha=5.522e+01 theta=4.277e+01 clipped_neg=34 clipped_pos=0
  9750  7.8787e-04  5.9764e-04  6.3806e-04  7.8787e-04  -3.04205141e+04  -3.03817179e+04     45.23    443.842  34  0.000e+00  0.000e+00
  9775  7.8661e-04  5.1222e-04  6.6020e-04  7.8661e-04  -3.04202925e+04  -3.03801514e+04     46.66    444.981  34  0.000e+00  0.000e+00
  9800  7.9696e-04  5.3918e-04  6.7129e-04  7.9696e-04  -3.04214961e+04  -3.03806793e+04     45.47    446.118  34  0.000e+00  0.000e+00
  9825  8.0444e-04  5.2988e-04  6.4710e-04  8.0444e-04  -3.04207467e+04  -3.03814009e+04     45.14    447.256  34  0.000e+00  0.000e+00
  9850  8.0470e-04  5.5299e-04  6.5378e-04  8.0470e-04  -3.04209539e+04  -3.03812018e+04     46.28    448.396  34  0.000e+00  0.000e+00
  9875  8.0301e-04  5.2248e-04  6.6311e-04  8.0301e-04  -3.04214912e+04  -3.03811715e+04     45.40    449.534  34  0.000e+00  0.000e+00
  9900  7.9270e-04  5.3071e-04  6.0939e-04  7.9270e-04  -3.04217545e+04  -3.03846990e+04     45.39    451.354  34  0.000e+00  0.000e+00
  9925  7.8995e-04  5.2704e-04  5.9623e-04  7.8995e-04  -3.04206804e+04  -3.03844261e+04     45.96    452.493  34  0.000e+00  0.000e+00
  9950  7.9843e-04  5.5273e-04  6.5892e-04  7.9843e-04  -3.04213916e+04  -3.03813266e+04     45.12    453.627  34  0.000e+00  0.000e+00
  9975  7.9103e-04  5.6526e-04  6.1490e-04  7.9103e-04  -3.04218519e+04  -3.03844615e+04     45.13    454.768  34  0.000e+00  0.000e+00
# gate it=10000 k=350 kw=175 s1=4.323e+02 s_kw/s1=1.122e-02 fired=1 clipped_neg=34 clipped_pos=0 fired_frac_last250=1.000
# deflate it=10000 alpha=5.113e+01 theta=4.323e+01 clipped_neg=34 clipped_pos=0
 10000  8.0334e-04  5.8938e-04  5.9760e-04  8.0334e-04  -3.04210697e+04  -3.03847317e+04     45.10    455.908  34  0.000e+00  0.000e+00
# deflation summary: gate evaluated 9901 its (it>=100), fired 9558 (96.5%) [clipped a negative head 9558 times, a positive one 0]; deflated projections 9558; last alpha=5.113e+01
# symmetry defect eps_sym = ||P-P^T||_F/||P||_F on 420 logged iterates (383 on the deflated path), symmetrize=1:
#   before symmetrization: all mean 0.000e+00 median 0.000e+00 max 0.000e+00 | deflated-path mean 0.000e+00 median 0.000e+00 max 0.000e+00
#   after  symmetrization: all mean 0.000e+00 median 0.000e+00 max 0.000e+00 | deflated-path mean 0.000e+00 median 0.000e+00 max 0.000e+00
# symmetrize=1: 8319.0 ms total (0.832 ms/it), included in proj time
# rank(X) at relative thresholds 1e-6 / 1e-4 / 1e-3 of lambda_max: 2222 / 83 / 83

FINAL problem=data/G60mc.sdp mode=deflated16 sigma=1 iters=10000 | pinf 8.033e-04 dinf 5.894e-04 gap 5.976e-04 eta 8.033e-04 | lmin(X) -3.874e-03 lmin(S) -6.258e-03 eta_full 8.033e-04 | rank(X) 2222/7000 | obj -3.04210697e+04 | proj 455.9 s (45.6 ms/it) wall 471.1 s | symmetrize 1 eps_raw_max 0.000e+00 eps_used_max 0.000e+00
