# max-cut SDP  problem=data/G60mc.sdp n=7000 m=7000 F0_nnz=24105  mode=baseline16 sigma=1 eta_tol=0 window=0.025 gamma=1.1 symmetrize=1  ||C||_F=2.427447e+02
# iter  pinf        dinf        gap         eta         obj_primal      obj_dual        proj_ms  cum_proj_s  deflated  eps_sym_raw  eps_sym_used
     1  1.3050e-01  5.0175e-01  4.5023e-01  5.0175e-01  -2.67697783e+04  -1.01480000e+04    103.62      0.104  0  0.000e+00  0.000e+00
     2  3.8629e-01  2.2910e-01  3.0725e-01  3.8629e-01  -3.53418703e+04  -1.87284636e+04     36.86      0.140  0  0.000e+00  0.000e+00
     3  3.8110e-01  1.4230e-01  2.2623e-01  3.8110e-01  -3.65192877e+04  -2.30441743e+04     37.17      0.178  0  0.000e+00  0.000e+00
     4  2.8902e-01  1.1558e-01  1.5316e-01  2.8902e-01  -3.48492436e+04  -2.55919927e+04     37.09      0.215  0  0.000e+00  0.000e+00
     5  1.8671e-01  1.0037e-01  9.4576e-02  1.8671e-01  -3.25294803e+04  -2.69080479e+04     37.75      0.252  0  0.000e+00  0.000e+00
     6  1.0361e-01  8.4357e-02  5.2453e-02  1.0361e-01  -3.04897283e+04  -2.74505543e+04     37.66      0.290  0  0.000e+00  0.000e+00
     7  4.7123e-02  6.8752e-02  2.6233e-02  6.8752e-02  -2.90338045e+04  -2.75494103e+04     37.79      0.328  0  0.000e+00  0.000e+00
     8  1.7326e-02  5.6125e-02  1.3374e-02  5.6125e-02  -2.81753279e+04  -2.74316290e+04     37.99      0.366  0  0.000e+00  0.000e+00
     9  1.3405e-02  4.7583e-02  1.0341e-02  4.7583e-02  -2.78141603e+04  -2.72447620e+04     38.58      0.405  0  0.000e+00  0.000e+00
    10  1.3300e-02  4.2696e-02  1.3344e-02  4.2696e-02  -2.78131344e+04  -2.70806211e+04     38.13      0.443  0  0.000e+00  0.000e+00
    11  8.5079e-03  3.9997e-02  1.9043e-02  3.9997e-02  -2.80355817e+04  -2.69877620e+04     39.04      0.482  0  0.000e+00  0.000e+00
    12  5.5139e-03  3.8121e-02  2.4906e-02  3.8121e-02  -2.83618388e+04  -2.69833816e+04     37.75      0.519  0  0.000e+00  0.000e+00
    13  1.1828e-02  3.6355e-02  2.9347e-02  3.6355e-02  -2.86980905e+04  -2.70616805e+04     37.69      0.557  0  0.000e+00  0.000e+00
    14  1.8451e-02  3.4510e-02  3.1698e-02  3.4510e-02  -2.89823635e+04  -2.72014279e+04     37.81      0.595  0  0.000e+00  0.000e+00
    15  2.2701e-02  3.2703e-02  3.1937e-02  3.2703e-02  -2.91827757e+04  -2.73764147e+04     37.74      0.633  0  0.000e+00  0.000e+00
    16  2.4156e-02  3.1090e-02  3.0436e-02  3.1090e-02  -2.92914274e+04  -2.75610325e+04     37.85      0.671  0  0.000e+00  0.000e+00
    17  2.3148e-02  2.9729e-02  2.7780e-02  2.9729e-02  -2.93186964e+04  -2.77337617e+04     38.46      0.709  0  0.000e+00  0.000e+00
    18  2.0375e-02  2.8517e-02  2.4585e-02  2.8517e-02  -2.92859978e+04  -2.78805122e+04     38.15      0.747  0  0.000e+00  0.000e+00
    19  1.6643e-02  2.7429e-02  2.1379e-02  2.7429e-02  -2.92177687e+04  -2.79946168e+04     37.99      0.785  0  0.000e+00  0.000e+00
    20  1.2665e-02  2.6393e-02  1.8546e-02  2.6393e-02  -2.91365412e+04  -2.80754589e+04     38.26      0.823  0  0.000e+00  0.000e+00
    25  2.7400e-03  2.2059e-02  1.4018e-02  2.2059e-02  -2.89809036e+04  -2.81796117e+04     40.48      1.032  0  0.000e+00  0.000e+00
    50  2.9836e-03  1.3495e-02  1.1073e-02  1.3495e-02  -2.94270884e+04  -2.87824946e+04     39.96      2.015  0  0.000e+00  0.000e+00
    75  1.9619e-03  1.0162e-02  8.6355e-03  1.0162e-02  -2.95843859e+04  -2.90777977e+04     39.53      2.993  0  0.000e+00  0.000e+00
   100  1.6151e-03  8.3437e-03  7.3922e-03  8.3437e-03  -2.96865177e+04  -2.92508318e+04     39.37      3.973  0  0.000e+00  0.000e+00
   125  1.5170e-03  7.1905e-03  6.6231e-03  7.1905e-03  -2.97629775e+04  -2.93713195e+04     40.24      4.959  0  0.000e+00  0.000e+00
   150  1.4310e-03  6.3775e-03  6.0631e-03  6.3775e-03  -2.98198587e+04  -2.94604298e+04     39.44      5.939  0  0.000e+00  0.000e+00
   175  1.3881e-03  5.7563e-03  5.5814e-03  5.7563e-03  -2.98654881e+04  -2.95339511e+04     37.99      6.914  0  0.000e+00  0.000e+00
   200  1.3807e-03  5.3161e-03  5.2841e-03  5.3161e-03  -2.99039986e+04  -2.95896239e+04     39.90      7.894  0  0.000e+00  0.000e+00
   225  1.3786e-03  4.9443e-03  5.0127e-03  5.0127e-03  -2.99366932e+04  -2.96380601e+04     39.47      8.858  0  0.000e+00  0.000e+00
   250  1.3453e-03  4.6265e-03  4.7737e-03  4.7737e-03  -2.99643318e+04  -2.96796043e+04     38.74      9.817  0  0.000e+00  0.000e+00
   275  1.3796e-03  4.3459e-03  4.6181e-03  4.6181e-03  -2.99898372e+04  -2.97141127e+04     38.23     10.782  0  0.000e+00  0.000e+00
   300  1.4015e-03  4.1437e-03  4.4320e-03  4.4320e-03  -3.00144372e+04  -2.97495585e+04     37.98     11.761  0  0.000e+00  0.000e+00
   325  1.4155e-03  3.9875e-03  4.1975e-03  4.1975e-03  -3.00283406e+04  -2.97773029e+04     39.75     12.732  0  0.000e+00  0.000e+00
   350  1.4201e-03  3.8307e-03  4.0471e-03  4.0471e-03  -3.00481301e+04  -2.98058888e+04     38.31     13.702  0  0.000e+00  0.000e+00
   375  1.4631e-03  3.7240e-03  3.9367e-03  3.9367e-03  -3.00612755e+04  -2.98255166e+04     38.59     14.664  0  0.000e+00  0.000e+00
   400  1.4876e-03  3.6183e-03  3.7398e-03  3.7398e-03  -3.00733282e+04  -2.98492255e+04     38.63     15.644  0  0.000e+00  0.000e+00
   425  1.5250e-03  3.5295e-03  3.7029e-03  3.7029e-03  -3.00888360e+04  -2.98668214e+04     38.62     16.606  0  0.000e+00  0.000e+00
   450  1.5430e-03  3.4709e-03  3.5655e-03  3.5655e-03  -3.00980415e+04  -2.98841738e+04     38.87     17.568  0  0.000e+00  0.000e+00
   475  1.5485e-03  3.4014e-03  3.5544e-03  3.5544e-03  -3.01106634e+04  -2.98973693e+04     38.28     18.529  0  0.000e+00  0.000e+00
   500  1.5809e-03  3.3496e-03  3.5019e-03  3.5019e-03  -3.01214821e+04  -2.99112504e+04     38.62     19.491  0  0.000e+00  0.000e+00
   525  1.6038e-03  3.2880e-03  3.3358e-03  3.3358e-03  -3.01295162e+04  -2.99291698e+04     38.52     20.455  0  0.000e+00  0.000e+00
   550  1.6276e-03  3.2448e-03  3.2741e-03  3.2741e-03  -3.01400246e+04  -2.99432996e+04     38.39     21.434  0  0.000e+00  0.000e+00
   575  1.6735e-03  3.2030e-03  3.1362e-03  3.2030e-03  -3.01463484e+04  -2.99578468e+04     38.76     22.397  0  0.000e+00  0.000e+00
   600  1.6606e-03  3.1697e-03  3.0792e-03  3.1697e-03  -3.01533019e+04  -2.99681731e+04     40.00     23.376  0  0.000e+00  0.000e+00
   625  1.7187e-03  3.1764e-03  3.1037e-03  3.1764e-03  -3.01636762e+04  -2.99770126e+04     39.16     24.340  0  0.000e+00  0.000e+00
   650  1.7060e-03  3.1151e-03  2.9842e-03  3.1151e-03  -3.01682543e+04  -2.99887285e+04     39.51     25.301  0  0.000e+00  0.000e+00
   675  1.7467e-03  3.1019e-03  2.9657e-03  3.1019e-03  -3.01776617e+04  -2.99991923e+04     38.10     26.281  0  0.000e+00  0.000e+00
   700  1.7254e-03  3.0728e-03  2.9378e-03  3.0728e-03  -3.01813137e+04  -3.00044939e+04     37.86     27.242  0  0.000e+00  0.000e+00
   725  1.6705e-03  3.0455e-03  2.7558e-03  3.0455e-03  -3.01850396e+04  -3.00191262e+04     38.21     28.203  0  0.000e+00  0.000e+00
   750  1.6964e-03  2.9724e-03  2.8198e-03  2.9724e-03  -3.01976842e+04  -3.00278573e+04     38.20     29.166  0  0.000e+00  0.000e+00
   775  1.6428e-03  2.9380e-03  2.7885e-03  2.9380e-03  -3.01971867e+04  -3.00292430e+04     39.85     30.139  0  0.000e+00  0.000e+00
   800  1.6652e-03  2.9263e-03  2.6617e-03  2.9263e-03  -3.02021110e+04  -3.00417554e+04     38.65     31.108  0  0.000e+00  0.000e+00
   825  1.6834e-03  2.9225e-03  2.6614e-03  2.9225e-03  -3.02085097e+04  -3.00481374e+04     38.16     32.071  0  0.000e+00  0.000e+00
   850  1.6707e-03  2.8936e-03  2.5720e-03  2.8936e-03  -3.02139545e+04  -3.00589276e+04     38.35     33.037  0  0.000e+00  0.000e+00
   875  1.6651e-03  2.8710e-03  2.5638e-03  2.8710e-03  -3.02181705e+04  -3.00636185e+04     39.32     34.013  0  0.000e+00  0.000e+00
   900  1.6603e-03  2.8778e-03  2.5137e-03  2.8778e-03  -3.02211469e+04  -3.00695909e+04     38.71     34.978  0  0.000e+00  0.000e+00
   925  1.6300e-03  2.8300e-03  2.5436e-03  2.8300e-03  -3.02310162e+04  -3.00776116e+04     38.98     35.951  0  0.000e+00  0.000e+00
   950  1.6457e-03  2.8201e-03  2.3718e-03  2.8201e-03  -3.02276883e+04  -3.00846366e+04     37.89     36.918  0  0.000e+00  0.000e+00
   975  1.7013e-03  2.8313e-03  2.3629e-03  2.8313e-03  -3.02360344e+04  -3.00934820e+04     40.09     37.890  0  0.000e+00  0.000e+00
  1000  1.6671e-03  2.8362e-03  2.3153e-03  2.8362e-03  -3.02356792e+04  -3.00959901e+04     38.82     38.859  0  0.000e+00  0.000e+00
  1025  1.6473e-03  2.8272e-03  2.3333e-03  2.8272e-03  -3.02432143e+04  -3.01024090e+04     39.88     39.822  0  0.000e+00  0.000e+00
  1050  1.6556e-03  2.8086e-03  2.3031e-03  2.8086e-03  -3.02443014e+04  -3.01053065e+04     38.74     40.783  0  0.000e+00  0.000e+00
  1075  1.6654e-03  2.8284e-03  2.2532e-03  2.8284e-03  -3.02485773e+04  -3.01125698e+04     38.17     41.751  0  0.000e+00  0.000e+00
  1100  1.6839e-03  2.8223e-03  2.3167e-03  2.8223e-03  -3.02512914e+04  -3.01114456e+04     37.67     42.723  0  0.000e+00  0.000e+00
  1125  1.6891e-03  2.8059e-03  2.1772e-03  2.8059e-03  -3.02529777e+04  -3.01215292e+04     38.09     43.687  0  0.000e+00  0.000e+00
  1150  1.6956e-03  2.8081e-03  2.2130e-03  2.8081e-03  -3.02592071e+04  -3.01255711e+04     38.11     44.650  0  0.000e+00  0.000e+00
  1175  1.6906e-03  2.7712e-03  2.1367e-03  2.7712e-03  -3.02579287e+04  -3.01288958e+04     38.20     45.608  0  0.000e+00  0.000e+00
  1200  1.6880e-03  2.7477e-03  2.0829e-03  2.7477e-03  -3.02636243e+04  -3.01378149e+04     38.94     46.570  0  0.000e+00  0.000e+00
  1225  1.6781e-03  2.7343e-03  2.1172e-03  2.7343e-03  -3.02654450e+04  -3.01375571e+04     38.15     47.533  0  0.000e+00  0.000e+00
  1250  1.6685e-03  2.7269e-03  2.0510e-03  2.7269e-03  -3.02670812e+04  -3.01431782e+04     38.62     48.496  0  0.000e+00  0.000e+00
  1275  1.6695e-03  2.7123e-03  2.1519e-03  2.7123e-03  -3.02718959e+04  -3.01418902e+04     39.17     49.472  0  0.000e+00  0.000e+00
  1300  1.6637e-03  2.7082e-03  2.0048e-03  2.7082e-03  -3.02719821e+04  -3.01508424e+04     38.88     50.438  0  0.000e+00  0.000e+00
  1325  1.6733e-03  2.7010e-03  2.0700e-03  2.7010e-03  -3.02773258e+04  -3.01522344e+04     39.05     51.404  0  0.000e+00  0.000e+00
  1350  1.6495e-03  2.6929e-03  1.9854e-03  2.6929e-03  -3.02765772e+04  -3.01565917e+04     38.29     52.378  0  0.000e+00  0.000e+00
  1375  1.6282e-03  2.6746e-03  1.9955e-03  2.6746e-03  -3.02820974e+04  -3.01614803e+04     39.32     53.342  0  0.000e+00  0.000e+00
  1400  1.6342e-03  2.6851e-03  1.9583e-03  2.6851e-03  -3.02826536e+04  -3.01642806e+04     38.36     54.301  0  0.000e+00  0.000e+00
  1425  1.6044e-03  2.6110e-03  1.8785e-03  2.6110e-03  -3.02854540e+04  -3.01718831e+04     39.17     55.269  0  0.000e+00  0.000e+00
  1450  1.6066e-03  2.6358e-03  1.9107e-03  2.6358e-03  -3.02881464e+04  -3.01726248e+04     38.56     56.245  0  0.000e+00  0.000e+00
  1475  1.6126e-03  2.6560e-03  1.7627e-03  2.6560e-03  -3.02873844e+04  -3.01807971e+04     38.06     57.207  0  0.000e+00  0.000e+00
  1500  1.6214e-03  2.6627e-03  1.9396e-03  2.6627e-03  -3.02914965e+04  -3.01742173e+04     37.97     58.168  0  0.000e+00  0.000e+00
  1525  1.5751e-03  2.6776e-03  1.7862e-03  2.6776e-03  -3.02931064e+04  -3.01850799e+04     38.02     59.131  0  0.000e+00  0.000e+00
  1550  1.6082e-03  2.6551e-03  1.9495e-03  2.6551e-03  -3.02942393e+04  -3.01763470e+04     40.17     60.106  0  0.000e+00  0.000e+00
  1575  1.6011e-03  2.6999e-03  1.7848e-03  2.6999e-03  -3.02980322e+04  -3.01900682e+04     39.04     61.073  0  0.000e+00  0.000e+00
  1600  1.6235e-03  2.7080e-03  1.7355e-03  2.7080e-03  -3.02967247e+04  -3.01917442e+04     39.99     62.038  0  0.000e+00  0.000e+00
  1625  1.6181e-03  2.6831e-03  1.8231e-03  2.6831e-03  -3.03009540e+04  -3.01906710e+04     37.99     63.014  0  0.000e+00  0.000e+00
  1650  1.6204e-03  2.6895e-03  1.7794e-03  2.6895e-03  -3.03020100e+04  -3.01943587e+04     39.27     63.978  0  0.000e+00  0.000e+00
  1675  1.6054e-03  2.7087e-03  1.6437e-03  2.7087e-03  -3.03052606e+04  -3.02057981e+04     38.08     64.942  0  0.000e+00  0.000e+00
  1700  1.6444e-03  2.7076e-03  1.7420e-03  2.7076e-03  -3.03017318e+04  -3.01963434e+04     38.78     65.920  0  0.000e+00  0.000e+00
  1725  1.6751e-03  2.7148e-03  1.7269e-03  2.7148e-03  -3.03128598e+04  -3.02083452e+04     39.25     66.882  0  0.000e+00  0.000e+00
  1750  1.7098e-03  2.7078e-03  1.5884e-03  2.7078e-03  -3.03026210e+04  -3.02065051e+04     39.51     67.843  0  0.000e+00  0.000e+00
  1775  1.6621e-03  2.7042e-03  1.7947e-03  2.7042e-03  -3.03167958e+04  -3.02081690e+04     38.84     68.811  0  0.000e+00  0.000e+00
  1800  1.6808e-03  2.6748e-03  1.5378e-03  2.6748e-03  -3.03068471e+04  -3.02137740e+04     38.53     69.783  0  0.000e+00  0.000e+00
  1825  1.6318e-03  2.6910e-03  1.6990e-03  2.6910e-03  -3.03172894e+04  -3.02144452e+04     38.89     70.745  0  0.000e+00  0.000e+00
  1850  1.6253e-03  2.6604e-03  1.5493e-03  2.6604e-03  -3.03118919e+04  -3.02181133e+04     39.60     71.717  0  0.000e+00  0.000e+00
  1875  1.6416e-03  2.6354e-03  1.6210e-03  2.6354e-03  -3.03182078e+04  -3.02200728e+04     38.47     72.689  0  0.000e+00  0.000e+00
  1900  1.6272e-03  2.6167e-03  1.5391e-03  2.6167e-03  -3.03168653e+04  -3.02236864e+04     37.85     73.651  0  0.000e+00  0.000e+00
  1925  1.5924e-03  2.5994e-03  1.5312e-03  2.5994e-03  -3.03200253e+04  -3.02273140e+04     38.40     74.613  0  0.000e+00  0.000e+00
  1950  1.5882e-03  2.6147e-03  1.4512e-03  2.6147e-03  -3.03191955e+04  -3.02313254e+04     38.28     75.573  0  0.000e+00  0.000e+00
  1975  1.5934e-03  2.6057e-03  1.5777e-03  2.6057e-03  -3.03215615e+04  -3.02260337e+04     39.22     76.541  0  0.000e+00  0.000e+00
  2000  1.6170e-03  2.5892e-03  1.4727e-03  2.5892e-03  -3.03243784e+04  -3.02351928e+04     38.35     77.517  0  0.000e+00  0.000e+00
  2025  1.5876e-03  2.5838e-03  1.4981e-03  2.5838e-03  -3.03241386e+04  -3.02334132e+04     39.25     78.480  0  0.000e+00  0.000e+00
  2050  1.6238e-03  2.5567e-03  1.4641e-03  2.5567e-03  -3.03261240e+04  -3.02374512e+04     39.64     79.442  0  0.000e+00  0.000e+00
  2075  1.6206e-03  2.5736e-03  1.5462e-03  2.5736e-03  -3.03247496e+04  -3.02311152e+04     39.58     80.403  0  0.000e+00  0.000e+00
  2100  1.6023e-03  2.5794e-03  1.4035e-03  2.5794e-03  -3.03325099e+04  -3.02474842e+04     38.32     81.363  0  0.000e+00  0.000e+00
  2125  1.6389e-03  2.5606e-03  1.2565e-03  2.5606e-03  -3.03261221e+04  -3.02500068e+04     38.78     82.324  0  0.000e+00  0.000e+00
  2150  1.6189e-03  2.5656e-03  1.4584e-03  2.5656e-03  -3.03334743e+04  -3.02451226e+04     39.26     83.286  0  0.000e+00  0.000e+00
  2175  1.5939e-03  2.5475e-03  1.2451e-03  2.5475e-03  -3.03294507e+04  -3.02540166e+04     38.86     84.246  0  0.000e+00  0.000e+00
  2200  1.5639e-03  2.5307e-03  1.5059e-03  2.5307e-03  -3.03337301e+04  -3.02425075e+04     39.51     85.208  0  0.000e+00  0.000e+00
  2225  1.5669e-03  2.5584e-03  1.3887e-03  2.5584e-03  -3.03326303e+04  -3.02485020e+04     38.48     86.169  0  0.000e+00  0.000e+00
  2250  1.6037e-03  2.5524e-03  1.4958e-03  2.5524e-03  -3.03343222e+04  -3.02437074e+04     39.02     87.131  0  0.000e+00  0.000e+00
  2275  1.5684e-03  2.5576e-03  1.3920e-03  2.5576e-03  -3.03379454e+04  -3.02535987e+04     40.73     88.095  0  0.000e+00  0.000e+00
  2300  1.5598e-03  2.5399e-03  1.3214e-03  2.5399e-03  -3.03365254e+04  -3.02564550e+04     39.21     89.074  0  0.000e+00  0.000e+00
  2325  1.5690e-03  2.5548e-03  1.3455e-03  2.5548e-03  -3.03368479e+04  -3.02553204e+04     39.28     90.036  0  0.000e+00  0.000e+00
  2350  1.5689e-03  2.5429e-03  1.4142e-03  2.5429e-03  -3.03400102e+04  -3.02543150e+04     38.81     91.016  0  0.000e+00  0.000e+00
  2375  1.5673e-03  2.5418e-03  1.3646e-03  2.5418e-03  -3.03396269e+04  -3.02569329e+04     38.09     91.978  0  0.000e+00  0.000e+00
  2400  1.5660e-03  2.5320e-03  1.3608e-03  2.5320e-03  -3.03411786e+04  -3.02587100e+04     37.82     92.938  0  0.000e+00  0.000e+00
  2425  1.5643e-03  2.5398e-03  1.3527e-03  2.5398e-03  -3.03426714e+04  -3.02606897e+04     37.54     93.900  0  0.000e+00  0.000e+00
  2450  1.6098e-03  2.5507e-03  1.3454e-03  2.5507e-03  -3.03424217e+04  -3.02608843e+04     38.18     94.862  0  0.000e+00  0.000e+00
  2475  1.5456e-03  2.5125e-03  1.3620e-03  2.5125e-03  -3.03451272e+04  -3.02625811e+04     38.68     95.827  0  0.000e+00  0.000e+00
  2500  1.5239e-03  2.5395e-03  1.2321e-03  2.5395e-03  -3.03441515e+04  -3.02694652e+04     38.47     96.804  0  0.000e+00  0.000e+00
  2525  1.5417e-03  2.5161e-03  1.3653e-03  2.5161e-03  -3.03450424e+04  -3.02622967e+04     39.22     97.766  0  0.000e+00  0.000e+00
  2550  1.5364e-03  2.5269e-03  1.3120e-03  2.5269e-03  -3.03489410e+04  -3.02694061e+04     38.96     98.745  0  0.000e+00  0.000e+00
  2575  1.5439e-03  2.5036e-03  1.2213e-03  2.5036e-03  -3.03477867e+04  -3.02737483e+04     38.05     99.710  0  0.000e+00  0.000e+00
  2600  1.5170e-03  2.4985e-03  1.2373e-03  2.4985e-03  -3.03481640e+04  -3.02731535e+04     37.99    100.670  0  0.000e+00  0.000e+00
  2625  1.5135e-03  2.5132e-03  1.2049e-03  2.5132e-03  -3.03510650e+04  -3.02780142e+04     37.95    101.631  0  0.000e+00  0.000e+00
  2650  1.5221e-03  2.5041e-03  1.1062e-03  2.5041e-03  -3.03490946e+04  -3.02820258e+04     38.01    102.593  0  0.000e+00  0.000e+00
  2675  1.5305e-03  2.5041e-03  1.2169e-03  2.5041e-03  -3.03521510e+04  -3.02783711e+04     38.14    103.555  0  0.000e+00  0.000e+00
  2700  1.5091e-03  2.5372e-03  1.1490e-03  2.5372e-03  -3.03512369e+04  -3.02815663e+04     39.34    104.517  0  0.000e+00  0.000e+00
  2725  1.5559e-03  2.5622e-03  1.2427e-03  2.5622e-03  -3.03531407e+04  -3.02777947e+04     39.30    105.484  0  0.000e+00  0.000e+00
  2750  1.5364e-03  2.5369e-03  1.0922e-03  2.5369e-03  -3.03549762e+04  -3.02887388e+04     39.07    106.462  0  0.000e+00  0.000e+00
  2775  1.5370e-03  2.5585e-03  1.2268e-03  2.5585e-03  -3.03522723e+04  -3.02778889e+04     38.77    107.422  0  0.000e+00  0.000e+00
  2800  1.5494e-03  2.5539e-03  1.1906e-03  2.5539e-03  -3.03592785e+04  -3.02870736e+04     39.23    108.385  0  0.000e+00  0.000e+00
  2825  1.5451e-03  2.5608e-03  1.0587e-03  2.5608e-03  -3.03523015e+04  -3.02881002e+04     39.01    109.364  0  0.000e+00  0.000e+00
  2850  1.5572e-03  2.5497e-03  1.3378e-03  2.5497e-03  -3.03598542e+04  -3.02787323e+04     38.58    110.325  0  0.000e+00  0.000e+00
  2875  1.5470e-03  2.5895e-03  1.0314e-03  2.5895e-03  -3.03586033e+04  -3.02960410e+04     39.39    111.299  0  0.000e+00  0.000e+00
  2900  1.5810e-03  2.5778e-03  1.1634e-03  2.5778e-03  -3.03586720e+04  -3.02881161e+04     37.92    112.268  0  0.000e+00  0.000e+00
  2925  1.5790e-03  2.5858e-03  1.0503e-03  2.5858e-03  -3.03607390e+04  -3.02970269e+04     38.46    113.230  0  0.000e+00  0.000e+00
  2950  1.5383e-03  2.5740e-03  1.0285e-03  2.5740e-03  -3.03598038e+04  -3.02974159e+04     38.28    114.196  0  0.000e+00  0.000e+00
  2975  1.5603e-03  2.5621e-03  9.7888e-04  2.5621e-03  -3.03618089e+04  -3.03024247e+04     39.06    115.172  0  0.000e+00  0.000e+00
  3000  1.5523e-03  2.5721e-03  9.5948e-04  2.5721e-03  -3.03608479e+04  -3.03026414e+04     38.41    116.135  0  0.000e+00  0.000e+00
  3025  1.5570e-03  2.5674e-03  1.0525e-03  2.5674e-03  -3.03606165e+04  -3.02967723e+04     39.30    117.097  0  0.000e+00  0.000e+00
  3050  1.5472e-03  2.5509e-03  1.0906e-03  2.5509e-03  -3.03638991e+04  -3.02977400e+04     38.68    118.075  0  0.000e+00  0.000e+00
  3075  1.5331e-03  2.5710e-03  1.0121e-03  2.5710e-03  -3.03635006e+04  -3.03021018e+04     38.21    119.037  0  0.000e+00  0.000e+00
  3100  1.5533e-03  2.5674e-03  1.0532e-03  2.5674e-03  -3.03637237e+04  -3.02998347e+04     37.86    120.002  0  0.000e+00  0.000e+00
  3125  1.5379e-03  2.5578e-03  1.0847e-03  2.5578e-03  -3.03663390e+04  -3.03005304e+04     40.31    120.978  0  0.000e+00  0.000e+00
  3150  1.5705e-03  2.5761e-03  9.6678e-04  2.5761e-03  -3.03650927e+04  -3.03064357e+04     39.93    121.944  0  0.000e+00  0.000e+00
  3175  1.5348e-03  2.5954e-03  1.0625e-03  2.5954e-03  -3.03671755e+04  -3.03027139e+04     38.30    122.921  0  0.000e+00  0.000e+00
  3200  1.5660e-03  2.5951e-03  9.1918e-04  2.5951e-03  -3.03665193e+04  -3.03107450e+04     37.88    123.884  0  0.000e+00  0.000e+00
  3225  1.5445e-03  2.6068e-03  1.0456e-03  2.6068e-03  -3.03667127e+04  -3.03032778e+04     37.96    124.847  0  0.000e+00  0.000e+00
  3250  1.5798e-03  2.6103e-03  1.0128e-03  2.6103e-03  -3.03686112e+04  -3.03071576e+04     38.39    125.808  0  0.000e+00  0.000e+00
  3275  1.6051e-03  2.6164e-03  9.5437e-04  2.6164e-03  -3.03704426e+04  -3.03125275e+04     38.35    126.770  0  0.000e+00  0.000e+00
  3300  1.5983e-03  2.5879e-03  8.7012e-04  2.5879e-03  -3.03679131e+04  -3.03151109e+04     38.28    127.732  0  0.000e+00  0.000e+00
  3325  1.5946e-03  2.6270e-03  1.0476e-03  2.6270e-03  -3.03694327e+04  -3.03058668e+04     39.35    128.693  0  0.000e+00  0.000e+00
  3350  1.6081e-03  2.6324e-03  1.0134e-03  2.6324e-03  -3.03715975e+04  -3.03101032e+04     38.32    129.656  0  0.000e+00  0.000e+00
  3375  1.6116e-03  2.6532e-03  8.8937e-04  2.6532e-03  -3.03718173e+04  -3.03178411e+04     38.47    130.618  0  0.000e+00  0.000e+00
  3400  1.6132e-03  2.6372e-03  9.4285e-04  2.6372e-03  -3.03703264e+04  -3.03131100e+04     38.67    131.581  0  0.000e+00  0.000e+00
  3425  1.6153e-03  2.6612e-03  9.5371e-04  2.6612e-03  -3.03742270e+04  -3.03163446e+04     38.88    132.557  0  0.000e+00  0.000e+00
  3450  1.6068e-03  2.6644e-03  8.2290e-04  2.6644e-03  -3.03721577e+04  -3.03222116e+04     38.08    133.521  0  0.000e+00  0.000e+00
  3475  1.5824e-03  2.6557e-03  9.1496e-04  2.6557e-03  -3.03736753e+04  -3.03181438e+04     38.46    134.480  0  0.000e+00  0.000e+00
  3500  1.5873e-03  2.6552e-03  8.2690e-04  2.6552e-03  -3.03743158e+04  -3.03241235e+04     38.24    135.444  0  0.000e+00  0.000e+00
  3525  1.5632e-03  2.6624e-03  8.1133e-04  2.6624e-03  -3.03744296e+04  -3.03251813e+04     38.62    136.405  0  0.000e+00  0.000e+00
  3550  1.5396e-03  2.6608e-03  8.9945e-04  2.6608e-03  -3.03750092e+04  -3.03204156e+04     38.16    137.365  0  0.000e+00  0.000e+00
  3575  1.5628e-03  2.6715e-03  8.5786e-04  2.6715e-03  -3.03759253e+04  -3.03238528e+04     38.40    138.328  0  0.000e+00  0.000e+00
  3600  1.5602e-03  2.6565e-03  8.4742e-04  2.6565e-03  -3.03777757e+04  -3.03263331e+04     38.95    139.297  0  0.000e+00  0.000e+00
  3625  1.5901e-03  2.6581e-03  7.8023e-04  2.6581e-03  -3.03754671e+04  -3.03281033e+04     38.42    140.270  0  0.000e+00  0.000e+00
  3650  1.5744e-03  2.6811e-03  9.2549e-04  2.6811e-03  -3.03777922e+04  -3.03216146e+04     38.00    141.235  0  0.000e+00  0.000e+00
  3675  1.5564e-03  2.6747e-03  8.2281e-04  2.6747e-03  -3.03796096e+04  -3.03296566e+04     39.42    142.210  0  0.000e+00  0.000e+00
  3700  1.5639e-03  2.6838e-03  8.2899e-04  2.6838e-03  -3.03761002e+04  -3.03257779e+04     38.28    143.175  0  0.000e+00  0.000e+00
  3725  1.5867e-03  2.6692e-03  9.1986e-04  2.6692e-03  -3.03813317e+04  -3.03254889e+04     37.70    144.137  0  0.000e+00  0.000e+00
  3750  1.5744e-03  2.7007e-03  7.1879e-04  2.7007e-03  -3.03786340e+04  -3.03349926e+04     39.46    145.107  0  0.000e+00  0.000e+00
  3775  1.5817e-03  2.7016e-03  8.6353e-04  2.7016e-03  -3.03795173e+04  -3.03270944e+04     38.75    146.077  0  0.000e+00  0.000e+00
  3800  1.5897e-03  2.7167e-03  8.7065e-04  2.7167e-03  -3.03812356e+04  -3.03283781e+04     38.52    147.039  0  0.000e+00  0.000e+00
  3825  1.6043e-03  2.6916e-03  7.4496e-04  2.6916e-03  -3.03815746e+04  -3.03363413e+04     39.54    148.004  0  0.000e+00  0.000e+00
  3850  1.5890e-03  2.7318e-03  8.2695e-04  2.7318e-03  -3.03803628e+04  -3.03301575e+04     38.78    148.967  0  0.000e+00  0.000e+00
  3875  1.5841e-03  2.7404e-03  7.9191e-04  2.7404e-03  -3.03831716e+04  -3.03350876e+04     39.01    149.930  0  0.000e+00  0.000e+00
  3900  1.5890e-03  2.7299e-03  8.1525e-04  2.7299e-03  -3.03806352e+04  -3.03311393e+04     38.06    150.903  0  0.000e+00  0.000e+00
  3925  1.5809e-03  2.7518e-03  8.9781e-04  2.7518e-03  -3.03850844e+04  -3.03305722e+04     38.32    151.867  0  0.000e+00  0.000e+00
  3950  1.6172e-03  2.7603e-03  6.7801e-04  2.7603e-03  -3.03838756e+04  -3.03427018e+04     38.10    152.833  0  0.000e+00  0.000e+00
  3975  1.6194e-03  2.7747e-03  7.5723e-04  2.7747e-03  -3.03833256e+04  -3.03373452e+04     39.71    153.800  0  0.000e+00  0.000e+00
  4000  1.5930e-03  2.7883e-03  7.0809e-04  2.7883e-03  -3.03858393e+04  -3.03428372e+04     38.60    154.773  0  0.000e+00  0.000e+00
  4025  1.5981e-03  2.8008e-03  7.3333e-04  2.8008e-03  -3.03824259e+04  -3.03378971e+04     38.05    155.731  0  0.000e+00  0.000e+00
  4050  1.6312e-03  2.7796e-03  8.1505e-04  2.7796e-03  -3.03871569e+04  -3.03376624e+04     38.89    156.695  0  0.000e+00  0.000e+00
  4075  1.6482e-03  2.7942e-03  6.6841e-04  2.7942e-03  -3.03838032e+04  -3.03432119e+04     38.80    157.664  0  0.000e+00  0.000e+00
  4100  1.6303e-03  2.7851e-03  9.3352e-04  2.7851e-03  -3.03850020e+04  -3.03283242e+04     38.16    158.637  0  0.000e+00  0.000e+00
  4125  1.5969e-03  2.7837e-03  9.1930e-04  2.7837e-03  -3.03880303e+04  -3.03322094e+04     39.00    159.598  0  0.000e+00  0.000e+00
  4150  1.5807e-03  2.7870e-03  8.2791e-04  2.7870e-03  -3.03886047e+04  -3.03383274e+04     38.44    160.560  0  0.000e+00  0.000e+00
  4175  1.5664e-03  2.7728e-03  7.0436e-04  2.7728e-03  -3.03875253e+04  -3.03447474e+04     39.25    161.521  0  0.000e+00  0.000e+00
  4200  1.5849e-03  2.7868e-03  7.6594e-04  2.7868e-03  -3.03870671e+04  -3.03405528e+04     39.17    162.483  0  0.000e+00  0.000e+00
  4225  1.6313e-03  2.7667e-03  7.1829e-04  2.7667e-03  -3.03901678e+04  -3.03465408e+04     39.32    163.446  0  0.000e+00  0.000e+00
  4250  1.6366e-03  2.7649e-03  6.2480e-04  2.7649e-03  -3.03880215e+04  -3.03500719e+04     38.14    164.407  0  0.000e+00  0.000e+00
  4275  1.6614e-03  2.7843e-03  7.0169e-04  2.7843e-03  -3.03885708e+04  -3.03459532e+04     39.15    165.371  0  0.000e+00  0.000e+00
  4300  1.6594e-03  2.7844e-03  7.0718e-04  2.7844e-03  -3.03899150e+04  -3.03469624e+04     39.90    166.335  0  0.000e+00  0.000e+00
  4325  1.6782e-03  2.7887e-03  6.5068e-04  2.7887e-03  -3.03902581e+04  -3.03507345e+04     38.54    167.309  0  0.000e+00  0.000e+00
  4350  1.6874e-03  2.8033e-03  6.6797e-04  2.8033e-03  -3.03906105e+04  -3.03500370e+04     38.48    168.271  0  0.000e+00  0.000e+00
  4375  1.6753e-03  2.8061e-03  6.1349e-04  2.8061e-03  -3.03911474e+04  -3.03538802e+04     38.13    169.232  0  0.000e+00  0.000e+00
  4400  1.6500e-03  2.8196e-03  6.6807e-04  2.8196e-03  -3.03915567e+04  -3.03509759e+04     38.37    170.196  0  0.000e+00  0.000e+00
  4425  1.6567e-03  2.8165e-03  6.2519e-04  2.8165e-03  -3.03925936e+04  -3.03546142e+04     38.23    171.154  0  0.000e+00  0.000e+00
  4450  1.6813e-03  2.8287e-03  5.7524e-04  2.8287e-03  -3.03919652e+04  -3.03570193e+04     38.28    172.116  0  0.000e+00  0.000e+00
  4475  1.6657e-03  2.8228e-03  6.5474e-04  2.8228e-03  -3.03924527e+04  -3.03526800e+04     38.87    173.079  0  0.000e+00  0.000e+00
  4500  1.6688e-03  2.8219e-03  6.1083e-04  2.8219e-03  -3.03946058e+04  -3.03574958e+04     38.39    174.040  0  0.000e+00  0.000e+00
  4525  1.6614e-03  2.8326e-03  6.2051e-04  2.8326e-03  -3.03908813e+04  -3.03531882e+04     37.94    175.001  0  0.000e+00  0.000e+00
  4550  1.6726e-03  2.8406e-03  7.3000e-04  2.8406e-03  -3.03948971e+04  -3.03505520e+04     38.74    175.970  0  0.000e+00  0.000e+00
  4575  1.6410e-03  2.8340e-03  6.3894e-04  2.8340e-03  -3.03941715e+04  -3.03553557e+04     38.49    176.942  0  0.000e+00  0.000e+00
  4600  1.6882e-03  2.8423e-03  6.5677e-04  2.8423e-03  -3.03943465e+04  -3.03544478e+04     38.97    177.908  0  0.000e+00  0.000e+00
  4625  1.6875e-03  2.8347e-03  5.6729e-04  2.8347e-03  -3.03982103e+04  -3.03637400e+04     38.10    178.869  0  0.000e+00  0.000e+00
  4650  1.6761e-03  2.8717e-03  3.3444e-04  2.8717e-03  -3.03934952e+04  -3.03731720e+04     38.64    179.834  0  0.000e+00  0.000e+00
  4675  1.6738e-03  2.8432e-03  5.9581e-04  2.8432e-03  -3.03928250e+04  -3.03566291e+04     37.74    180.809  0  0.000e+00  0.000e+00
  4700  1.6775e-03  2.8364e-03  6.6006e-04  2.8364e-03  -3.03988679e+04  -3.03587634e+04     38.07    181.772  0  0.000e+00  0.000e+00
  4725  1.6686e-03  2.8321e-03  4.6588e-04  2.8321e-03  -3.03963907e+04  -3.03680816e+04     38.16    182.733  0  0.000e+00  0.000e+00
  4750  1.6949e-03  2.8184e-03  5.2501e-04  2.8184e-03  -3.03966153e+04  -3.03647148e+04     37.81    183.695  0  0.000e+00  0.000e+00
  4775  1.6834e-03  2.8284e-03  4.6752e-04  2.8284e-03  -3.03989649e+04  -3.03705538e+04     38.17    184.655  0  0.000e+00  0.000e+00
  4800  1.7248e-03  2.8220e-03  4.6225e-04  2.8220e-03  -3.03954005e+04  -3.03673125e+04     38.05    185.618  0  0.000e+00  0.000e+00
  4825  1.7391e-03  2.8037e-03  6.2293e-04  2.8037e-03  -3.03976834e+04  -3.03598353e+04     38.04    186.580  0  0.000e+00  0.000e+00
  4850  1.7147e-03  2.8149e-03  5.5638e-04  2.8149e-03  -3.04003941e+04  -3.03665841e+04     38.75    187.544  0  0.000e+00  0.000e+00
  4875  1.7453e-03  2.8205e-03  4.4194e-04  2.8205e-03  -3.03971198e+04  -3.03702637e+04     38.26    188.505  0  0.000e+00  0.000e+00
  4900  1.7293e-03  2.8296e-03  5.8532e-04  2.8296e-03  -3.03989323e+04  -3.03633663e+04     38.17    189.465  0  0.000e+00  0.000e+00
  4925  1.7341e-03  2.8481e-03  4.8903e-04  2.8481e-03  -3.03990951e+04  -3.03693773e+04     37.97    190.425  0  0.000e+00  0.000e+00
  4950  1.6938e-03  2.8417e-03  6.2533e-04  2.8417e-03  -3.03974638e+04  -3.03594704e+04     38.57    191.387  0  0.000e+00  0.000e+00
  4975  1.7546e-03  2.8394e-03  6.1875e-04  2.8394e-03  -3.04024718e+04  -3.03648711e+04     39.46    192.347  0  0.000e+00  0.000e+00
  5000  1.7418e-03  2.8405e-03  4.7435e-04  2.8405e-03  -3.03990594e+04  -3.03702328e+04     38.94    193.309  0  0.000e+00  0.000e+00
  5025  1.7524e-03  2.8474e-03  6.2679e-04  2.8474e-03  -3.04010121e+04  -3.03629250e+04     39.84    194.280  0  0.000e+00  0.000e+00
  5050  1.7509e-03  2.8501e-03  4.4158e-04  2.8501e-03  -3.04036359e+04  -3.03767963e+04     40.15    195.255  0  0.000e+00  0.000e+00
  5075  1.7537e-03  2.8506e-03  3.5131e-04  2.8506e-03  -3.03994995e+04  -3.03781474e+04     38.36    196.214  0  0.000e+00  0.000e+00
  5100  1.7167e-03  2.8506e-03  4.9143e-04  2.8506e-03  -3.04024857e+04  -3.03726187e+04     38.47    197.177  0  0.000e+00  0.000e+00
  5125  1.7353e-03  2.8467e-03  3.5212e-04  2.8467e-03  -3.04017888e+04  -3.03803858e+04     38.63    198.138  0  0.000e+00  0.000e+00
  5150  1.7265e-03  2.8682e-03  4.2629e-04  2.8682e-03  -3.04005991e+04  -3.03746909e+04     38.18    199.101  0  0.000e+00  0.000e+00
  5175  1.7089e-03  2.8406e-03  4.8524e-04  2.8406e-03  -3.04038780e+04  -3.03743856e+04     38.15    200.062  0  0.000e+00  0.000e+00
  5200  1.7095e-03  2.8384e-03  3.2261e-04  2.8384e-03  -3.04033349e+04  -3.03837243e+04     38.35    201.022  0  0.000e+00  0.000e+00
  5225  1.7185e-03  2.8563e-03  3.2987e-04  2.8563e-03  -3.04021620e+04  -3.03821109e+04     39.00    201.989  0  0.000e+00  0.000e+00
  5250  1.7738e-03  2.8423e-03  3.5996e-04  2.8423e-03  -3.04040321e+04  -3.03821514e+04     38.78    202.964  0  0.000e+00  0.000e+00
  5275  1.7689e-03  2.8351e-03  3.8086e-04  2.8351e-03  -3.04016672e+04  -3.03785179e+04     38.98    203.925  0  0.000e+00  0.000e+00
  5300  1.7736e-03  2.8385e-03  5.5666e-04  2.8385e-03  -3.04037128e+04  -3.03698819e+04     38.11    204.888  0  0.000e+00  0.000e+00
  5325  1.7521e-03  2.8456e-03  4.2684e-04  2.8456e-03  -3.04063507e+04  -3.03804040e+04     38.69    205.847  0  0.000e+00  0.000e+00
  5350  1.7861e-03  2.8284e-03  3.3641e-04  2.8284e-03  -3.04040775e+04  -3.03836274e+04     38.47    206.811  0  0.000e+00  0.000e+00
  5375  1.8217e-03  2.8300e-03  3.4832e-04  2.8300e-03  -3.04060611e+04  -3.03848859e+04     39.24    207.771  0  0.000e+00  0.000e+00
  5400  1.8287e-03  2.8113e-03  2.2474e-04  2.8113e-03  -3.04056440e+04  -3.03919800e+04     38.28    208.736  0  0.000e+00  0.000e+00
  5425  1.8271e-03  2.8280e-03  2.8040e-04  2.8280e-03  -3.04051420e+04  -3.03880950e+04     38.01    209.714  0  0.000e+00  0.000e+00
  5450  1.8232e-03  2.8167e-03  2.5020e-04  2.8167e-03  -3.04077036e+04  -3.03924913e+04     37.77    210.677  0  0.000e+00  0.000e+00
  5475  1.8247e-03  2.8143e-03  1.2792e-04  2.8143e-03  -3.04044975e+04  -3.03967196e+04     37.96    211.638  0  0.000e+00  0.000e+00
  5500  1.7979e-03  2.8167e-03  3.1634e-04  2.8167e-03  -3.04050338e+04  -3.03858029e+04     39.42    212.610  0  0.000e+00  0.000e+00
  5525  1.7572e-03  2.8225e-03  3.2942e-04  2.8225e-03  -3.04077512e+04  -3.03877236e+04     39.47    213.579  0  0.000e+00  0.000e+00
  5550  1.7715e-03  2.8091e-03  2.1260e-04  2.8091e-03  -3.04078924e+04  -3.03949654e+04     38.95    214.542  0  0.000e+00  0.000e+00
  5575  1.7845e-03  2.8380e-03  2.1952e-04  2.8380e-03  -3.04049249e+04  -3.03915787e+04     39.48    215.502  0  0.000e+00  0.000e+00
  5600  1.7553e-03  2.8411e-03  3.2893e-04  2.8411e-03  -3.04076450e+04  -3.03876472e+04     38.44    216.466  0  0.000e+00  0.000e+00
  5625  1.7563e-03  2.8323e-03  3.5414e-04  2.8323e-03  -3.04059223e+04  -3.03843934e+04     38.94    217.432  0  0.000e+00  0.000e+00
  5650  1.7877e-03  2.8503e-03  4.9660e-04  2.8503e-03  -3.04066988e+04  -3.03765136e+04     37.91    218.405  0  0.000e+00  0.000e+00
  5675  1.7981e-03  2.8501e-03  5.4189e-04  2.8501e-03  -3.04076818e+04  -3.03747441e+04     38.71    219.368  0  0.000e+00  0.000e+00
  5700  1.8321e-03  2.8529e-03  5.0965e-04  2.8529e-03  -3.04094761e+04  -3.03784951e+04     38.51    220.330  0  0.000e+00  0.000e+00
  5725  1.8486e-03  2.8648e-03  4.0315e-04  2.8648e-03  -3.04093108e+04  -3.03848013e+04     38.02    221.291  0  0.000e+00  0.000e+00
  5750  1.8593e-03  2.8614e-03  3.7683e-04  2.8614e-03  -3.04083141e+04  -3.03854049e+04     37.89    222.253  0  0.000e+00  0.000e+00
  5775  1.8375e-03  2.8696e-03  4.4586e-04  2.8696e-03  -3.04093988e+04  -3.03822936e+04     38.68    223.215  0  0.000e+00  0.000e+00
  5800  1.8740e-03  2.8846e-03  2.9351e-04  2.8846e-03  -3.04108471e+04  -3.03930005e+04     38.53    224.176  0  0.000e+00  0.000e+00
  5825  1.8651e-03  2.8969e-03  2.3013e-04  2.8969e-03  -3.04080871e+04  -3.03940947e+04     38.72    225.140  0  0.000e+00  0.000e+00
  5850  1.8700e-03  2.8846e-03  3.0596e-04  2.8846e-03  -3.04098062e+04  -3.03912034e+04     38.36    226.102  0  0.000e+00  0.000e+00
  5875  1.8759e-03  2.8997e-03  3.0137e-04  2.8997e-03  -3.04106906e+04  -3.03923659e+04     40.14    227.075  0  0.000e+00  0.000e+00
  5900  1.8454e-03  2.8770e-03  2.5000e-04  2.8770e-03  -3.04097108e+04  -3.03945098e+04     38.09    228.041  0  0.000e+00  0.000e+00
  5925  1.8412e-03  2.8888e-03  3.0758e-04  2.8888e-03  -3.04097662e+04  -3.03910649e+04     38.65    229.004  0  0.000e+00  0.000e+00
  5950  1.8573e-03  2.8798e-03  3.0323e-04  2.8798e-03  -3.04125244e+04  -3.03940859e+04     38.46    229.967  0  0.000e+00  0.000e+00
  5975  1.8871e-03  2.8766e-03  1.1989e-04  2.8766e-03  -3.04110641e+04  -3.04037730e+04     38.16    230.925  0  0.000e+00  0.000e+00
  6000  1.8987e-03  2.8482e-03  1.9844e-04  2.8482e-03  -3.04087675e+04  -3.03967012e+04     38.26    231.887  0  0.000e+00  0.000e+00
  6025  1.9238e-03  2.8455e-03  3.1654e-04  2.8455e-03  -3.04118746e+04  -3.03926274e+04     37.87    232.850  0  0.000e+00  0.000e+00
  6050  1.9175e-03  2.8423e-03  2.2578e-04  2.8423e-03  -3.04119693e+04  -3.03982395e+04     38.70    233.811  0  0.000e+00  0.000e+00
  6075  1.9285e-03  2.8367e-03  2.4483e-04  2.8367e-03  -3.04116477e+04  -3.03967597e+04     37.78    234.774  0  0.000e+00  0.000e+00
  6100  1.8982e-03  2.8283e-03  1.8674e-04  2.8283e-03  -3.04127527e+04  -3.04013958e+04     37.97    235.734  0  0.000e+00  0.000e+00
  6125  1.8746e-03  2.8266e-03  1.5189e-04  2.8266e-03  -3.04123100e+04  -3.04030728e+04     39.38    236.699  0  0.000e+00  0.000e+00
  6150  1.8806e-03  2.8323e-03  1.5481e-04  2.8323e-03  -3.04130039e+04  -3.04035886e+04     38.66    237.661  0  0.000e+00  0.000e+00
  6175  1.9487e-03  2.8174e-03  1.5816e-04  2.8174e-03  -3.04121954e+04  -3.04025771e+04     38.17    238.635  0  0.000e+00  0.000e+00
  6200  1.9460e-03  2.8399e-03  1.6588e-04  2.8399e-03  -3.04137545e+04  -3.04036659e+04     38.41    239.600  0  0.000e+00  0.000e+00
  6225  1.9042e-03  2.7958e-03  2.0302e-04  2.7958e-03  -3.04119256e+04  -3.03995797e+04     39.12    240.562  0  0.000e+00  0.000e+00
  6250  1.9287e-03  2.8105e-03  1.8530e-04  2.8105e-03  -3.04155617e+04  -3.04042913e+04     38.38    241.540  0  0.000e+00  0.000e+00
  6275  1.9791e-03  2.8100e-03  2.0799e-05  2.8100e-03  -3.04150392e+04  -3.04137740e+04     38.01    242.504  0  0.000e+00  0.000e+00
  6300  2.0177e-03  2.8104e-03  3.1234e-05  2.8104e-03  -3.04121195e+04  -3.04140194e+04     39.00    243.467  0  0.000e+00  0.000e+00
  6325  1.9843e-03  2.8011e-03  1.0269e-04  2.8011e-03  -3.04153339e+04  -3.04090879e+04     38.41    244.433  0  0.000e+00  0.000e+00
  6350  2.0234e-03  2.7981e-03  4.3666e-05  2.7981e-03  -3.04151358e+04  -3.04177922e+04     39.70    245.408  0  0.000e+00  0.000e+00
  6375  2.0005e-03  2.8150e-03  7.3491e-05  2.8150e-03  -3.04125096e+04  -3.04169801e+04     39.15    246.371  0  0.000e+00  0.000e+00
  6400  2.0042e-03  2.8136e-03  2.1738e-04  2.8136e-03  -3.04133737e+04  -3.04001537e+04     38.14    247.331  0  0.000e+00  0.000e+00
  6425  1.9826e-03  2.8077e-03  1.8424e-04  2.8077e-03  -3.04167690e+04  -3.04055628e+04     38.50    248.294  0  0.000e+00  0.000e+00
  6450  2.0352e-03  2.8030e-03  1.7595e-04  2.8030e-03  -3.04132239e+04  -3.04025233e+04     39.72    249.256  0  0.000e+00  0.000e+00
  6475  2.0606e-03  2.8172e-03  3.2751e-04  2.8172e-03  -3.04163273e+04  -3.03964102e+04     39.27    250.217  0  0.000e+00  0.000e+00
  6500  2.1008e-03  2.8234e-03  1.5312e-04  2.8234e-03  -3.04171680e+04  -3.04078546e+04     39.52    251.179  0  0.000e+00  0.000e+00
  6525  2.0684e-03  2.7987e-03  1.2372e-04  2.7987e-03  -3.04142266e+04  -3.04067014e+04     39.45    252.140  0  0.000e+00  0.000e+00
  6550  2.0202e-03  2.7979e-03  2.7149e-04  2.7979e-03  -3.04158128e+04  -3.03993020e+04     38.99    253.102  0  0.000e+00  0.000e+00
  6575  2.0155e-03  2.8041e-03  1.9532e-04  2.8041e-03  -3.04176660e+04  -3.04057859e+04     39.51    254.061  0  0.000e+00  0.000e+00
  6600  1.9510e-03  2.8321e-03  2.2757e-04  2.8321e-03  -3.04144229e+04  -3.04005832e+04     38.91    255.021  0  0.000e+00  0.000e+00
  6625  1.9403e-03  2.8280e-03  3.2253e-04  2.8280e-03  -3.04184611e+04  -3.03988454e+04     39.07    255.992  0  0.000e+00  0.000e+00
  6650  1.9606e-03  2.8062e-03  1.7806e-04  2.8062e-03  -3.04173576e+04  -3.04065271e+04     37.77    256.964  0  0.000e+00  0.000e+00
  6675  2.0497e-03  2.8357e-03  1.0876e-04  2.8357e-03  -3.04175846e+04  -3.04109690e+04     38.73    257.925  0  0.000e+00  0.000e+00
  6700  1.9973e-03  2.8317e-03  1.7911e-04  2.8317e-03  -3.04164415e+04  -3.04055473e+04     38.42    258.888  0  0.000e+00  0.000e+00
  6725  2.0286e-03  2.8036e-03  1.6317e-04  2.8036e-03  -3.04180752e+04  -3.04081500e+04     38.23    259.854  0  0.000e+00  0.000e+00
  6750  2.0223e-03  2.8115e-03  1.3270e-04  2.8115e-03  -3.04169072e+04  -3.04088357e+04     39.25    260.830  0  0.000e+00  0.000e+00
  6775  2.0361e-03  2.8179e-03  2.3595e-04  2.8179e-03  -3.04169264e+04  -3.04025758e+04     37.86    261.793  0  0.000e+00  0.000e+00
  6800  2.0101e-03  2.8238e-03  2.4923e-04  2.8238e-03  -3.04200283e+04  -3.04048685e+04     38.58    262.755  0  0.000e+00  0.000e+00
  6825  2.0570e-03  2.8400e-03  1.8130e-05  2.8400e-03  -3.04188784e+04  -3.04199815e+04     38.14    263.717  0  0.000e+00  0.000e+00
  6850  2.0901e-03  2.8586e-03  1.4536e-05  2.8586e-03  -3.04165821e+04  -3.04156979e+04     38.28    264.679  0  0.000e+00  0.000e+00
  6875  2.0911e-03  2.8355e-03  1.8794e-04  2.8355e-03  -3.04183129e+04  -3.04068811e+04     39.60    265.656  0  0.000e+00  0.000e+00
  6900  2.0878e-03  2.8316e-03  7.7976e-05  2.8316e-03  -3.04217723e+04  -3.04170282e+04     38.11    266.619  0  0.000e+00  0.000e+00
  6925  2.1109e-03  2.8339e-03  8.6835e-05  2.8339e-03  -3.04182952e+04  -3.04235785e+04     38.15    267.581  0  0.000e+00  0.000e+00
  6950  2.0957e-03  2.8398e-03  2.1649e-05  2.8398e-03  -3.04194435e+04  -3.04207607e+04     38.37    268.544  0  0.000e+00  0.000e+00
  6975  2.0207e-03  2.8795e-03  7.1273e-05  2.8795e-03  -3.04197444e+04  -3.04240809e+04     38.02    269.505  0  0.000e+00  0.000e+00
  7000  2.0342e-03  2.8454e-03  1.4839e-04  2.8454e-03  -3.04200277e+04  -3.04290573e+04     39.00    270.466  0  0.000e+00  0.000e+00
  7025  2.0620e-03  2.8622e-03  1.3676e-04  2.8622e-03  -3.04191115e+04  -3.04274328e+04     38.32    271.428  0  0.000e+00  0.000e+00
  7050  2.1649e-03  2.8401e-03  1.4788e-04  2.8401e-03  -3.04209672e+04  -3.04299662e+04     39.22    272.389  0  0.000e+00  0.000e+00
  7075  2.1338e-03  2.8386e-03  2.4206e-04  2.8386e-03  -3.04191947e+04  -3.04339252e+04     38.68    273.352  0  0.000e+00  0.000e+00
  7100  2.0068e-03  2.8382e-03  1.4743e-04  2.8382e-03  -3.04195999e+04  -3.04285707e+04     38.10    274.313  0  0.000e+00  0.000e+00
  7125  1.9009e-03  2.8808e-03  1.3602e-04  2.8808e-03  -3.04212105e+04  -3.04294877e+04     38.98    275.277  0  0.000e+00  0.000e+00
  7150  1.9159e-03  2.8805e-03  1.2168e-04  2.8805e-03  -3.04194958e+04  -3.04268995e+04     38.94    276.254  0  0.000e+00  0.000e+00
  7175  2.0674e-03  2.8835e-03  2.2425e-05  2.8835e-03  -3.04203132e+04  -3.04189488e+04     38.66    277.218  0  0.000e+00  0.000e+00
  7200  2.1495e-03  2.8753e-03  4.8792e-05  2.8753e-03  -3.04235699e+04  -3.04265389e+04     40.42    278.195  0  0.000e+00  0.000e+00
  7225  2.1887e-03  2.8839e-03  2.3956e-04  2.8839e-03  -3.04213856e+04  -3.04359647e+04     38.41    279.159  0  0.000e+00  0.000e+00
  7250  2.1161e-03  2.8984e-03  1.7547e-04  2.8984e-03  -3.04193564e+04  -3.04300336e+04     38.30    280.120  0  0.000e+00  0.000e+00
  7275  2.0574e-03  2.9013e-03  1.0217e-04  2.9013e-03  -3.04222030e+04  -3.04284200e+04     39.36    281.083  0  0.000e+00  0.000e+00
  7300  2.1111e-03  2.9038e-03  1.0251e-04  2.9038e-03  -3.04204879e+04  -3.04267253e+04     38.96    282.043  0  0.000e+00  0.000e+00
  7325  2.1431e-03  2.9132e-03  1.0347e-04  2.9132e-03  -3.04220114e+04  -3.04283074e+04     39.66    283.006  0  0.000e+00  0.000e+00
  7350  2.1468e-03  2.9132e-03  6.2699e-05  2.9132e-03  -3.04228536e+04  -3.04266689e+04     39.08    283.970  0  0.000e+00  0.000e+00
  7375  2.1981e-03  2.9228e-03  2.8981e-04  2.9228e-03  -3.04245877e+04  -3.04422278e+04     39.56    284.933  0  0.000e+00  0.000e+00
  7400  2.3044e-03  2.9125e-03  3.6129e-04  2.9125e-03  -3.04204522e+04  -3.04424416e+04     39.65    285.907  0  0.000e+00  0.000e+00
  7425  2.2981e-03  2.9180e-03  1.9267e-04  2.9180e-03  -3.04197392e+04  -3.04314637e+04     39.10    286.870  0  0.000e+00  0.000e+00
  7450  2.2302e-03  2.9263e-03  8.3243e-05  2.9263e-03  -3.04244302e+04  -3.04294959e+04     39.04    287.838  0  0.000e+00  0.000e+00
  7475  2.1862e-03  2.9243e-03  2.7588e-04  2.9243e-03  -3.04236823e+04  -3.04404735e+04     38.33    288.814  0  0.000e+00  0.000e+00
  7500  2.1950e-03  2.9495e-03  2.1162e-04  2.9495e-03  -3.04201079e+04  -3.04329861e+04     37.92    289.774  0  0.000e+00  0.000e+00
  7525  2.1640e-03  2.9510e-03  8.2573e-05  2.9510e-03  -3.04243894e+04  -3.04294143e+04     37.85    290.736  0  0.000e+00  0.000e+00
  7550  2.2680e-03  2.9595e-03  2.0946e-04  2.9595e-03  -3.04228939e+04  -3.04356413e+04     38.77    291.698  0  0.000e+00  0.000e+00
  7575  2.3238e-03  2.9319e-03  1.9217e-04  2.9319e-03  -3.04224268e+04  -3.04341219e+04     37.90    292.658  0  0.000e+00  0.000e+00
  7600  2.2757e-03  2.9573e-03  1.4726e-04  2.9573e-03  -3.04238376e+04  -3.04327994e+04     37.99    293.620  0  0.000e+00  0.000e+00
  7625  2.2445e-03  2.9520e-03  1.4922e-04  2.9520e-03  -3.04230134e+04  -3.04320945e+04     38.68    294.581  0  0.000e+00  0.000e+00
  7650  2.2798e-03  2.9596e-03  2.6770e-05  2.9596e-03  -3.04216239e+04  -3.04232527e+04     38.11    295.544  0  0.000e+00  0.000e+00
  7675  2.3646e-03  2.9310e-03  4.2349e-05  2.9310e-03  -3.04254889e+04  -3.04229119e+04     38.00    296.505  0  0.000e+00  0.000e+00
  7700  2.3906e-03  2.9447e-03  1.3588e-04  2.9447e-03  -3.04252466e+04  -3.04335163e+04     37.89    297.467  0  0.000e+00  0.000e+00
  7725  2.3105e-03  2.9465e-03  1.7384e-04  2.9465e-03  -3.04236880e+04  -3.04342679e+04     37.82    298.428  0  0.000e+00  0.000e+00
  7750  2.2519e-03  2.9379e-03  6.3220e-05  2.9379e-03  -3.04242987e+04  -3.04281459e+04     38.30    299.392  0  0.000e+00  0.000e+00
  7775  2.2781e-03  2.9278e-03  1.5791e-04  2.9278e-03  -3.04252704e+04  -3.04348812e+04     39.47    300.365  0  0.000e+00  0.000e+00
  7800  2.3894e-03  2.8954e-03  1.9656e-04  2.8954e-03  -3.04252827e+04  -3.04372462e+04     38.49    301.331  0  0.000e+00  0.000e+00
  7825  2.4073e-03  2.8912e-03  1.5908e-04  2.8912e-03  -3.04233933e+04  -3.04330747e+04     38.71    302.292  0  0.000e+00  0.000e+00
  7850  2.3750e-03  2.8542e-03  1.3850e-04  2.8542e-03  -3.04251779e+04  -3.04336070e+04     38.35    303.254  0  0.000e+00  0.000e+00
  7875  2.2982e-03  2.8689e-03  1.5154e-04  2.8689e-03  -3.04263121e+04  -3.04355351e+04     39.23    304.217  0  0.000e+00  0.000e+00
  7900  2.2496e-03  2.8762e-03  2.8990e-04  2.8762e-03  -3.04256107e+04  -3.04432566e+04     39.28    305.179  0  0.000e+00  0.000e+00
  7925  2.4494e-03  2.8588e-03  3.6209e-04  2.8588e-03  -3.04267225e+04  -3.04487654e+04     38.30    306.142  0  0.000e+00  0.000e+00
  7950  2.4878e-03  2.8340e-03  4.0160e-04  2.8340e-03  -3.04245039e+04  -3.04489511e+04     40.22    307.113  0  0.000e+00  0.000e+00
  7975  2.3630e-03  2.8603e-03  4.2062e-04  2.8603e-03  -3.04259700e+04  -3.04515769e+04     38.05    308.080  0  0.000e+00  0.000e+00
  8000  2.2900e-03  2.8616e-03  3.6435e-04  2.8616e-03  -3.04244896e+04  -3.04466682e+04     38.14    309.043  0  0.000e+00  0.000e+00
  8025  2.3254e-03  2.8734e-03  2.4009e-04  2.8734e-03  -3.04253305e+04  -3.04399437e+04     38.08    310.005  0  0.000e+00  0.000e+00
  8050  2.4667e-03  2.8595e-03  2.3733e-04  2.8595e-03  -3.04273793e+04  -3.04418257e+04     38.06    310.965  0  0.000e+00  0.000e+00
  8075  2.4592e-03  2.8389e-03  3.7377e-04  2.8389e-03  -3.04254563e+04  -3.04482092e+04     39.17    311.929  0  0.000e+00  0.000e+00
  8100  2.4336e-03  2.8352e-03  3.1807e-04  2.8352e-03  -3.04259513e+04  -3.04453128e+04     38.15    312.890  0  0.000e+00  0.000e+00
  8125  2.3579e-03  2.8441e-03  2.6646e-04  2.8441e-03  -3.04260237e+04  -3.04422431e+04     38.06    313.852  0  0.000e+00  0.000e+00
  8150  2.3997e-03  2.8440e-03  3.5675e-04  2.8440e-03  -3.04277075e+04  -3.04494256e+04     38.04    314.815  0  0.000e+00  0.000e+00
  8175  2.3890e-03  2.8419e-03  3.8981e-04  2.8419e-03  -3.04251058e+04  -3.04488356e+04     40.30    315.794  0  0.000e+00  0.000e+00
  8200  2.4463e-03  2.8597e-03  2.2245e-04  2.8597e-03  -3.04253679e+04  -3.04389076e+04     39.38    316.756  0  0.000e+00  0.000e+00
  8225  2.4608e-03  2.8544e-03  2.1286e-04  2.8544e-03  -3.04296281e+04  -3.04425858e+04     39.62    317.722  0  0.000e+00  0.000e+00
  8250  2.4588e-03  2.8333e-03  4.3951e-04  2.8333e-03  -3.04275831e+04  -3.04543418e+04     38.72    318.698  0  0.000e+00  0.000e+00
  8275  2.4879e-03  2.8506e-03  4.1513e-04  2.8506e-03  -3.04259429e+04  -3.04512152e+04     38.35    319.660  0  0.000e+00  0.000e+00
  8300  2.4313e-03  2.8538e-03  3.5436e-04  2.8538e-03  -3.04283605e+04  -3.04499337e+04     39.21    320.632  0  0.000e+00  0.000e+00
  8325  2.4674e-03  2.8606e-03  5.0696e-04  2.8606e-03  -3.04289376e+04  -3.04598066e+04     38.21    321.602  0  0.000e+00  0.000e+00
  8350  2.5158e-03  2.8652e-03  5.1875e-04  2.8652e-03  -3.04258037e+04  -3.04573875e+04     38.28    322.564  0  0.000e+00  0.000e+00
  8375  2.5351e-03  2.8530e-03  3.7744e-04  2.8530e-03  -3.04269870e+04  -3.04499649e+04     37.86    323.525  0  0.000e+00  0.000e+00
  8400  2.4970e-03  2.8747e-03  3.9439e-04  2.8747e-03  -3.04286573e+04  -3.04526684e+04     37.98    324.488  0  0.000e+00  0.000e+00
  8425  2.4532e-03  2.8696e-03  5.0822e-04  2.8696e-03  -3.04279507e+04  -3.04588949e+04     38.59    325.451  0  0.000e+00  0.000e+00
  8450  2.4869e-03  2.8772e-03  3.3600e-04  2.8772e-03  -3.04247692e+04  -3.04452219e+04     38.13    326.412  0  0.000e+00  0.000e+00
  8475  2.4851e-03  2.8737e-03  1.4868e-04  2.8737e-03  -3.04287432e+04  -3.04377930e+04     38.56    327.373  0  0.000e+00  0.000e+00
  8500  2.5307e-03  2.8742e-03  3.0845e-04  2.8742e-03  -3.04306329e+04  -3.04494117e+04     38.73    328.334  0  0.000e+00  0.000e+00
  8525  2.5345e-03  2.8700e-03  3.0436e-04  2.8700e-03  -3.04244609e+04  -3.04429868e+04     38.08    329.295  0  0.000e+00  0.000e+00
  8550  2.5022e-03  2.8685e-03  1.3679e-05  2.8685e-03  -3.04283388e+04  -3.04291713e+04     38.31    330.255  0  0.000e+00  0.000e+00
  8575  2.5883e-03  2.8648e-03  1.2076e-04  2.8648e-03  -3.04319559e+04  -3.04393067e+04     37.97    331.219  0  0.000e+00  0.000e+00
  8600  2.5684e-03  2.8666e-03  2.8484e-04  2.8666e-03  -3.04270519e+04  -3.04443907e+04     38.19    332.178  0  0.000e+00  0.000e+00
  8625  2.5118e-03  2.8767e-03  1.2549e-04  2.8767e-03  -3.04282279e+04  -3.04358661e+04     38.28    333.141  0  0.000e+00  0.000e+00
  8650  2.4479e-03  2.8843e-03  1.7019e-04  2.8843e-03  -3.04313471e+04  -3.04417071e+04     38.80    334.103  0  0.000e+00  0.000e+00
  8675  2.5728e-03  2.8773e-03  3.0646e-04  2.8773e-03  -3.04283427e+04  -3.04469988e+04     38.37    335.063  0  0.000e+00  0.000e+00
  8700  2.5510e-03  2.8739e-03  3.0821e-04  2.8739e-03  -3.04298810e+04  -3.04486449e+04     38.48    336.026  0  0.000e+00  0.000e+00
  8725  2.4755e-03  2.8768e-03  2.4464e-04  2.8768e-03  -3.04284786e+04  -3.04433708e+04     39.41    336.996  0  0.000e+00  0.000e+00
  8750  2.5131e-03  2.8871e-03  3.0125e-04  2.8871e-03  -3.04307003e+04  -3.04490409e+04     39.26    337.967  0  0.000e+00  0.000e+00
  8775  2.5707e-03  2.9030e-03  3.8959e-04  2.9030e-03  -3.04307798e+04  -3.04545004e+04     38.41    338.927  0  0.000e+00  0.000e+00
  8800  2.5836e-03  2.8935e-03  3.8505e-04  2.8935e-03  -3.04282158e+04  -3.04516578e+04     38.28    339.890  0  0.000e+00  0.000e+00
  8825  2.6189e-03  2.8858e-03  3.4763e-04  2.8858e-03  -3.04311084e+04  -3.04522737e+04     39.10    340.852  0  0.000e+00  0.000e+00
  8850  2.7049e-03  2.8977e-03  4.3186e-04  2.8977e-03  -3.04309755e+04  -3.04572712e+04     38.78    341.815  0  0.000e+00  0.000e+00
  8875  2.6457e-03  2.9058e-03  5.1363e-04  2.9058e-03  -3.04292441e+04  -3.04605195e+04     38.29    342.775  0  0.000e+00  0.000e+00
  8900  2.5929e-03  2.9139e-03  4.2539e-04  2.9139e-03  -3.04297031e+04  -3.04556037e+04     38.44    343.737  0  0.000e+00  0.000e+00
  8925  2.6316e-03  2.9198e-03  4.7780e-04  2.9198e-03  -3.04315932e+04  -3.04606883e+04     39.31    344.698  0  0.000e+00  0.000e+00
  8950  2.6690e-03  2.9046e-03  5.2924e-04  2.9046e-03  -3.04295250e+04  -3.04617518e+04     39.37    345.661  0  0.000e+00  0.000e+00
  8975  2.6953e-03  2.9037e-03  4.3554e-04  2.9037e-03  -3.04293866e+04  -3.04559048e+04     38.16    346.623  0  0.000e+00  0.000e+00
  9000  2.6292e-03  2.9204e-03  3.9490e-04  2.9204e-03  -3.04313695e+04  -3.04554141e+04     38.78    347.601  0  0.000e+00  0.000e+00
  9025  2.5172e-03  2.9346e-03  5.2957e-04  2.9346e-03  -3.04308223e+04  -3.04630705e+04     39.35    348.564  0  0.000e+00  0.000e+00
  9050  2.7345e-03  2.9328e-03  5.2020e-04  2.9328e-03  -3.04301260e+04  -3.04618024e+04     37.80    349.525  0  0.000e+00  0.000e+00
  9075  2.7949e-03  2.9305e-03  3.4746e-04  2.9305e-03  -3.04290534e+04  -3.04502066e+04     37.89    350.487  0  0.000e+00  0.000e+00
  9100  2.6760e-03  2.9401e-03  3.2833e-04  2.9401e-03  -3.04317933e+04  -3.04517836e+04     37.84    351.447  0  0.000e+00  0.000e+00
  9125  2.7806e-03  2.9326e-03  4.2048e-04  2.9326e-03  -3.04316313e+04  -3.04572340e+04     37.47    352.412  0  0.000e+00  0.000e+00
  9150  2.8730e-03  2.9425e-03  4.0812e-04  2.9425e-03  -3.04298123e+04  -3.04546609e+04     39.62    353.382  0  0.000e+00  0.000e+00
  9175  2.6953e-03  2.9527e-03  2.8593e-04  2.9527e-03  -3.04296310e+04  -3.04470377e+04     39.07    354.352  0  0.000e+00  0.000e+00
  9200  2.6561e-03  2.9769e-03  2.3478e-04  2.9769e-03  -3.04327744e+04  -3.04470677e+04     39.19    355.314  0  0.000e+00  0.000e+00
  9225  2.8099e-03  2.9579e-03  3.2284e-04  2.9579e-03  -3.04316456e+04  -3.04513011e+04     38.69    356.275  0  0.000e+00  0.000e+00
  9250  2.9892e-03  2.9500e-03  2.9175e-04  2.9892e-03  -3.04304047e+04  -3.04481665e+04     38.65    357.237  0  0.000e+00  0.000e+00
  9275  2.8956e-03  2.9325e-03  2.9562e-04  2.9325e-03  -3.04338560e+04  -3.04518552e+04     39.10    358.198  0  0.000e+00  0.000e+00
  9300  2.7293e-03  2.9547e-03  5.0509e-04  2.9547e-03  -3.04327861e+04  -3.04635447e+04     38.78    359.159  0  0.000e+00  0.000e+00
  9325  2.8196e-03  2.9591e-03  4.8442e-04  2.9591e-03  -3.04298652e+04  -3.04593618e+04     38.68    360.122  0  0.000e+00  0.000e+00
  9350  2.8677e-03  2.9377e-03  3.2710e-04  2.9377e-03  -3.04312524e+04  -3.04511674e+04     39.09    361.082  0  0.000e+00  0.000e+00
  9375  2.8450e-03  2.9286e-03  3.5781e-04  2.9286e-03  -3.04336569e+04  -3.04554440e+04     39.24    362.046  0  0.000e+00  0.000e+00
  9400  2.7511e-03  2.9507e-03  4.8816e-04  2.9507e-03  -3.04310723e+04  -3.04607975e+04     39.54    363.008  0  0.000e+00  0.000e+00
  9425  2.8196e-03  2.9453e-03  4.0717e-04  2.9453e-03  -3.04314074e+04  -3.04561995e+04     38.64    363.967  0  0.000e+00  0.000e+00
  9450  2.8824e-03  2.9329e-03  3.2695e-04  2.9329e-03  -3.04328883e+04  -3.04527951e+04     39.38    364.931  0  0.000e+00  0.000e+00
  9475  2.8677e-03  2.9580e-03  4.8051e-04  2.9580e-03  -3.04342501e+04  -3.04635125e+04     39.21    365.899  0  0.000e+00  0.000e+00
  9500  3.0493e-03  2.9283e-03  5.8298e-04  3.0493e-03  -3.04328919e+04  -3.04683965e+04     38.00    366.869  0  0.000e+00  0.000e+00
  9525  2.9820e-03  2.9226e-03  5.6565e-04  2.9820e-03  -3.04308006e+04  -3.04652471e+04     38.83    367.835  0  0.000e+00  0.000e+00
  9550  3.0868e-03  2.9381e-03  4.6772e-04  3.0868e-03  -3.04332535e+04  -3.04617359e+04     39.45    368.802  0  0.000e+00  0.000e+00
  9575  2.9609e-03  2.9297e-03  5.6517e-04  2.9609e-03  -3.04344200e+04  -3.04688416e+04     38.54    369.773  0  0.000e+00  0.000e+00
  9600  2.9080e-03  2.9332e-03  7.0217e-04  2.9332e-03  -3.04332767e+04  -3.04760463e+04     37.99    370.739  0  0.000e+00  0.000e+00
  9625  2.9903e-03  2.9509e-03  6.7435e-04  2.9903e-03  -3.04321508e+04  -3.04732232e+04     38.69    371.716  0  0.000e+00  0.000e+00
  9650  3.0926e-03  2.9221e-03  6.6924e-04  3.0926e-03  -3.04340869e+04  -3.04748501e+04     38.52    372.683  0  0.000e+00  0.000e+00
  9675  3.0856e-03  2.9363e-03  6.7932e-04  3.0856e-03  -3.04325331e+04  -3.04739089e+04     38.29    373.643  0  0.000e+00  0.000e+00
  9700  2.9844e-03  2.9449e-03  6.6735e-04  2.9844e-03  -3.04326437e+04  -3.04732902e+04     39.10    374.623  0  0.000e+00  0.000e+00
  9725  2.9521e-03  2.9715e-03  5.9506e-04  2.9715e-03  -3.04335480e+04  -3.04697895e+04     38.09    375.587  0  0.000e+00  0.000e+00
  9750  3.0689e-03  2.9603e-03  6.1850e-04  3.0689e-03  -3.04326885e+04  -3.04703578e+04     38.18    376.546  0  0.000e+00  0.000e+00
  9775  3.1594e-03  2.9430e-03  6.5617e-04  3.1594e-03  -3.04343614e+04  -3.04743287e+04     37.76    377.507  0  0.000e+00  0.000e+00
  9800  3.0160e-03  2.9546e-03  6.4653e-04  3.0160e-03  -3.04323540e+04  -3.04717310e+04     38.28    378.467  0  0.000e+00  0.000e+00
  9825  2.9606e-03  2.9635e-03  5.6761e-04  2.9635e-03  -3.04334781e+04  -3.04680471e+04     37.60    379.432  0  0.000e+00  0.000e+00
  9850  3.0825e-03  2.9697e-03  5.9921e-04  3.0825e-03  -3.04361145e+04  -3.04726123e+04     39.26    380.411  0  0.000e+00  0.000e+00
  9875  3.2271e-03  2.9545e-03  7.7870e-04  3.2271e-03  -3.04335278e+04  -3.04809625e+04     38.76    381.374  0  0.000e+00  0.000e+00
  9900  3.1681e-03  2.9476e-03  6.7132e-04  3.1681e-03  -3.04310609e+04  -3.04719468e+04     39.46    382.334  0  0.000e+00  0.000e+00
  9925  3.1133e-03  2.9759e-03  5.5295e-04  3.1133e-03  -3.04356511e+04  -3.04693289e+04     38.93    383.295  0  0.000e+00  0.000e+00
  9950  3.0829e-03  2.9876e-03  7.1377e-04  3.0829e-03  -3.04354903e+04  -3.04789702e+04     40.32    384.263  0  0.000e+00  0.000e+00
  9975  3.1718e-03  2.9853e-03  8.7097e-04  3.1718e-03  -3.04345680e+04  -3.04876305e+04     37.77    385.238  0  0.000e+00  0.000e+00
 10000  3.2353e-03  3.0013e-03  7.2040e-04  3.2353e-03  -3.04314105e+04  -3.04752884e+04     39.25    386.202  0  0.000e+00  0.000e+00
# symmetry defect eps_sym = ||P-P^T||_F/||P||_F on 420 logged iterates (0 on the deflated path), symmetrize=1:
#   before symmetrization: all mean 0.000e+00 median 0.000e+00 max 0.000e+00 | deflated-path mean 0.000e+00 median 0.000e+00 max 0.000e+00
#   after  symmetrization: all mean 0.000e+00 median 0.000e+00 max 0.000e+00 | deflated-path mean 0.000e+00 median 0.000e+00 max 0.000e+00
# symmetrize=1: 8132.4 ms total (0.813 ms/it), included in proj time
# rank(X) at relative thresholds 1e-6 / 1e-4 / 1e-3 of lambda_max: 3047 / 78 / 78

FINAL problem=data/G60mc.sdp mode=baseline16 sigma=1 iters=10000 | pinf 3.235e-03 dinf 3.001e-03 gap 7.204e-04 eta 3.235e-03 | lmin(X) -2.032e-02 lmin(S) -2.113e-02 eta_full 3.235e-03 | rank(X) 3047/7000 | obj -3.04314105e+04 | proj 386.2 s (38.6 ms/it) wall 401.5 s | symmetrize 1 eps_raw_max 0.000e+00 eps_used_max 0.000e+00
